1 0 184 22.053915
1 0 486 20.04519
1 0 13 18.627102
1 0 12 17.794336
1 0 1268 17.270891
1 0 878 14.378206
1 0 51 14.17906
1 0 14 12.055227
1 0 1361 11.41284
1 0 792 11.226335
1 0 141 11.1483135
1 0 1144 10.877646
1 0 875 10.757351
1 0 195 10.684705
1 0 172 10.673764
1 0 746 10.575536
1 0 747 10.527285
1 0 435 10.071558
1 0 78 9.972464
1 0 573 9.906512
2 0 12 30.323212
2 0 746 17.044497
2 0 792 14.798328
2 0 14 14.478236
2 0 51 14.098941
2 0 141 13.9146185
2 0 724 13.89024
2 0 1089 13.801608
2 0 172 13.712759
2 0 1170 12.605852
2 0 1169 12.062797
2 0 884 11.95793
2 0 726 11.642355
2 0 875 11.61189
2 0 36 11.271122
2 0 1263 10.953417
2 0 1042 10.940917
2 0 729 10.597254
2 0 700 10.423567
2 0 184 10.349434
4 0 5 22.98803
4 0 399 22.050236
4 0 181 19.61328
4 0 144 17.82784
4 0 485 16.717764
4 0 542 16.049536
4 0 828 13.585307
4 0 826 12.970411
4 0 251 12.651957
4 0 980 12.2945175
4 0 623 11.326642
4 0 944 11.172463
4 0 579 10.909113
4 0 1072 10.871224
4 0 425 10.864012
4 0 547 10.852111
4 0 584 10.472863
4 0 350 10.465704
4 0 329 10.41666
4 0 476 10.364834
8 0 166 30.353334
8 0 488 22.708565
8 0 1189 21.023935
8 0 185 19.231768
8 0 1061 18.593685
8 0 1275 17.234257
8 0 1255 16.716557
8 0 1085 16.4409
8 0 1123 15.867111
8 0 1312 15.611395
8 0 259 15.381034
8 0 236 14.978926
8 0 575 14.78046
8 0 401 14.746244
8 0 167 14.65211
8 0 1252 14.340033
8 0 914 14.115762
8 0 317 13.99819
8 0 1296 13.917854
8 0 435 13.897378
9 0 103 15.880269
9 0 1032 14.674325
9 0 943 12.90638
9 0 1296 11.647113
9 0 746 10.764918
9 0 625 10.363547
9 0 1272 10.179769
9 0 28 10.118549
9 0 1379 10.003452
9 0 650 9.7990265
9 0 828 9.463468
9 0 36 9.222067
9 0 1295 9.08848
9 0 488 8.9678755
9 0 172 8.9644785
9 0 849 8.934324
9 0 540 8.915014
9 0 401 8.859809
9 0 552 8.676371
9 0 1391 8.223402
10 0 491 15.422407
10 0 257 13.050916
10 0 315 12.1186905
10 0 121 11.76913
10 0 251 11.248245
10 0 651 10.197996
10 0 148 10.184053
10 0 610 10.1761465
10 0 228 10.165199
10 0 386 9.823631
10 0 296 9.587526
10 0 385 9.417156
10 0 344 9.378225
10 0 355 9.363387
10 0 294 9.269321
10 0 1364 9.086548
10 0 1110 9.063155
10 0 243 8.6780815
10 0 1374 8.618524
10 0 544 8.595064
12 0 492 66.80894
12 0 973 38.955154
12 0 56 34.436695
12 0 434 33.93846
12 0 57 32.19439
12 0 122 30.670704
12 0 124 29.288033
12 0 1040 27.57363
12 0 1231 26.98294
12 0 232 25.914522
12 0 248 22.984
12 0 1307 22.29201
12 0 225 20.748857
12 0 197 20.41369
12 0 1347 20.112303
12 0 1381 20.082067
12 0 988 19.943892
12 0 234 19.826632
12 0 354 19.825705
12 0 1006 19.800928
13 0 122 20.974098
13 0 232 16.499681
13 0 492 16.457037
13 0 1352 15.339497
13 0 433 14.298286
13 0 556 14.189175
13 0 69 13.679655
13 0 1231 12.8199835
13 0 988 12.607681
13 0 1193 12.518869
13 0 124 12.480333
13 0 461 12.248842
13 0 923 11.966246
13 0 1106 11.855208
13 0 197 11.851639
13 0 815 11.789201
13 0 947 11.71146
13 0 639 11.536389
13 0 441 11.358772
13 0 19 11.210045
15 0 45 15.652374
15 0 102 11.729524
15 0 270 11.535557
15 0 303 9.998591
15 0 1258 8.889306
15 0 1002 8.792475
15 0 46 8.249852
15 0 1264 8.087479
15 0 168 8.084025
15 0 101 8.048107
15 0 5 8.039189
15 0 743 7.4625587
15 0 875 7.303388
15 0 489 7.2857776
15 0 47 7.2201943
15 0 310 7.163273
15 0 388 7.1427407
15 0 564 6.8035383
15 0 554 6.729433
15 0 398 6.63046
18 0 493 25.61853
18 0 302 17.273827
18 0 1199 16.466387
18 0 524 15.989397
18 0 949 15.65809
18 0 1286 14.7656765
18 0 1010 14.605204
18 0 691 14.350449
18 0 1009 14.154672
18 0 405 13.973785
18 0 781 13.71101
18 0 1264 13.710411
18 0 1214 13.052066
18 0 421 12.822201
18 0 583 12.7397785
18 0 1143 12.551966
18 0 332 11.957782
18 0 69 11.8587
18 0 185 11.381367
18 0 1274 11.368222
22 0 495 28.332737
22 0 654 16.90969
22 0 110 15.052752
22 0 72 14.326097
22 0 1327 13.750626
22 0 273 13.562029
22 0 667 13.095507
22 0 1356 12.938808
22 0 1157 12.608326
22 0 473 12.537614
22 0 305 12.359679
22 0 472 12.304033
22 0 370 12.175524
22 0 1238 12.098623
22 0 147 11.845185
22 0 192 11.76029
22 0 341 11.523991
22 0 262 11.44182
22 0 28 11.320357
22 0 1310 11.308266
23 0 624 25.272476
23 0 543 16.355476
23 0 650 15.16324
23 0 1232 14.867619
23 0 649 14.530796
23 0 506 11.762529
23 0 1164 11.2213
23 0 1223 10.820011
23 0 1221 10.712484
23 0 806 10.161688
23 0 1209 9.748977
23 0 245 9.645956
23 0 982 9.233683
23 0 86 9.161036
23 0 1165 9.148256
23 0 792 9.097899
23 0 966 9.088218
23 0 671 9.04722
23 0 1334 9.021755
23 0 939 9.000999
26 0 496 24.261595
26 0 903 14.916483
26 0 520 13.145937
26 0 38 10.032122
26 0 313 9.995455
26 0 1268 9.758886
26 0 440 9.559162
26 0 643 9.29697
26 0 199 9.02338
26 0 880 8.846183
26 0 415 7.780905
26 0 797 7.2775326
26 0 1099 6.515999
26 0 660 6.350434
26 0 1242 5.795578
26 0 1017 5.7333665
26 0 468 5.637402
26 0 1079 5.61571
26 0 503 5.596642
26 0 526 5.516865
27 0 64 17.268219
27 0 256 11.598738
27 0 65 11.474452
27 0 132 11.367039
27 0 170 11.198188
27 0 402 10.87323
27 0 439 10.600992
27 0 1364 10.552284
27 0 291 10.37935
27 0 319 9.8991995
27 0 568 9.634588
27 0 903 9.621591
27 0 1303 9.251638
27 0 1157 9.188978
27 0 335 9.188867
27 0 334 9.183666
27 0 308 9.100634
27 0 169 9.08371
27 0 798 8.8143
27 0 1228 8.607134
29 0 462 16.285297
29 0 463 13.050216
29 0 761 10.5231495
29 0 1097 10.083694
29 0 1117 9.569553
29 0 553 9.049024
29 0 1098 8.959152
29 0 1025 8.936601
29 0 1279 8.853001
29 0 1099 8.684181
29 0 817 8.586568
29 0 542 8.242035
29 0 1340 8.104102
29 0 82 8.055707
29 0 1065 7.893299
29 0 1043 7.8738546
29 0 1096 7.2002745
29 0 982 7.007475
29 0 866 7.0071754
29 0 1027 6.9424677
31 0 498 28.919472
31 0 106 19.02647
31 0 1255 15.653191
31 0 93 14.843343
31 0 869 14.455983
31 0 1006 14.115201
31 0 927 13.9695215
31 0 1301 13.458178
31 0 1259 12.673218
31 0 494 12.23031
31 0 410 12.137919
31 0 326 11.988133
31 0 801 11.571421
31 0 528 11.47574
31 0 266 11.297857
31 0 1108 11.253765
31 0 814 11.16702
31 0 1286 10.674557
31 0 1280 10.282383
31 0 231 9.917107
32 0 1108 24.989931
32 0 1301 22.230347
32 0 700 21.4098
32 0 445 20.784014
32 0 916 20.079613
32 0 1281 19.03627
32 0 577 19.027927
32 0 106 19.02647
32 0 801 17.93902
32 0 410 17.786913
32 0 2 17.4337
32 0 1255 17.077269
32 0 266 16.685837
32 0 498 16.623665
32 0 987 16.574036
32 0 601 16.387802
32 0 527 16.013687
32 0 1304 15.932581
32 0 933 15.72768
32 0 714 15.62763
33 0 248 19.35056
33 0 498 18.874367
33 0 234 18.563078
33 0 197 18.379326
33 0 56 18.028938
33 0 1005 16.089848
33 0 232 15.675888
33 0 57 15.267243
33 0 1006 14.713152
33 0 124 14.249304
33 0 225 13.888007
33 0 122 13.707215
33 0 927 13.705026
33 0 231 13.663642
33 0 1114 13.570768
33 0 354 13.518209
33 0 1352 13.159083
33 0 492 12.999363
33 0 421 12.614442
33 0 1104 12.5622425
34 0 82 17.590912
34 0 706 15.71731
34 0 1346 15.596639
34 0 1279 14.592527
34 0 716 14.014288
34 0 554 13.442544
34 0 1296 12.94467
34 0 1219 12.7196455
34 0 274 12.091944
34 0 713 12.069051
34 0 842 10.929884
34 0 1153 10.847913
34 0 1217 10.6146965
34 0 1297 10.045376
34 0 416 10.036092
34 0 163 9.792622
34 0 446 9.6079445
34 0 509 9.588695
34 0 85 9.487549
34 0 1379 9.464348
35 0 500 39.04322
35 0 268 23.668428
35 0 88 23.185978
35 0 450 19.175423
35 0 270 18.886116
35 0 966 16.738098
35 0 87 16.480118
35 0 123 15.367293
35 0 300 14.514598
35 0 84 13.453905
35 0 458 13.101201
35 0 190 12.9945345
35 0 1194 12.441546
35 0 44 12.30599
35 0 267 11.799048
35 0 1315 11.76254
35 0 269 11.428097
35 0 26 11.361059
35 0 1008 11.336276
35 0 968 11.227336
39 0 502 30.57591
39 0 302 14.493948
39 0 343 13.221992
39 0 68 12.779999
39 0 96 12.23503
39 0 271 12.054143
39 0 686 11.938115
39 0 628 11.657499
39 0 338 11.328968
39 0 377 10.853091
39 0 1007 10.65077
39 0 1156 10.321228
39 0 413 10.288604
39 0 1303 10.209799
39 0 947 9.758358
39 0 538 9.689938
39 0 187 9.585159
39 0 125 9.507943
39 0 1199 9.041913
39 0 1157 8.925281
40 0 413 18.448883
40 0 560 17.366024
40 0 307 16.866306
40 0 125 16.13874
40 0 50 15.750616
40 0 348 14.693191
40 0 565 14.547367
40 0 306 14.397627
40 0 9 13.283252
40 0 254 13.239701
40 0 861 13.162795
40 0 962 13.017895
40 0 1212 12.8452215
40 0 61 12.56101
40 0 165 12.462978
40 0 16 12.317354
40 0 55 12.263016
40 0 406 12.092942
40 0 140 11.986687
40 0 72 11.950656
41 0 902 15.192719
41 0 28 14.508413
41 0 718 12.533851
41 0 892 12.364971
41 0 251 11.403247
41 0 753 10.98875
41 0 237 10.756195
41 0 1151 10.719841
41 0 1287 10.592862
41 0 893 10.149722
41 0 244 9.91858
41 0 360 9.599806
41 0 640 8.895205
41 0 11 8.611111
41 0 698 8.540341
41 0 14 8.51439
41 0 262 8.436247
41 0 453 8.399172
41 0 216 8.38816
41 0 1169 8.222451
49 0 756 17.03
49 0 46 16.526138
49 0 12 11.437328
49 0 724 11.244757
49 0 51 11.179223
49 0 893 10.115557
49 0 47 9.837498
49 0 262 9.0714245
49 0 883 8.8181
49 0 837 8.740892
49 0 738 8.665109
49 0 650 8.38055
49 0 781 8.290806
49 0 102 8.207672
49 0 1170 8.106778
49 0 1088 8.033752
49 0 374 8.03287
49 0 884 7.7344356
49 0 1242 7.5603056
49 0 1068 7.5593386
50 0 215 21.980602
50 0 121 19.371315
50 0 277 17.948902
50 0 216 15.735121
50 0 214 15.535445
50 0 511 15.151316
50 0 134 14.827939
50 0 945 13.91283
50 0 212 13.888844
50 0 989 13.474731
50 0 772 13.052406
50 0 426 12.936842
50 0 11 12.88727
50 0 798 12.665779
50 0 409 12.549989
50 0 186 12.415398
50 0 1288 12.0960045
50 0 97 11.728434
50 0 213 11.715293
50 0 588 11.2430315
51 0 307 23.611418
51 0 145 22.740257
51 0 611 22.571163
51 0 382 21.675743
51 0 96 21.369148
51 0 305 19.944221
51 0 348 19.624529
51 0 4 19.338505
51 0 629 19.266994
51 0 1355 18.463924
51 0 1278 18.206604
51 0 568 17.63472
51 0 306 17.429945
51 0 1282 16.452608
51 0 547 16.403755
51 0 135 16.34113
51 0 572 15.920588
51 0 346 15.904711
51 0 72 15.632295
51 0 117 15.548746
52 0 1031 18.97456
52 0 1176 18.667578
52 0 428 18.006645
52 0 888 17.348307
52 0 1035 17.115314
52 0 1178 16.663952
52 0 512 15.73141
52 0 1129 14.770712
52 0 1133 14.448552
52 0 838 14.082396
52 0 1070 13.484384
52 0 224 13.464539
52 0 1362 13.004002
52 0 1132 12.104527
52 0 680 11.962995
52 0 921 11.85277
52 0 752 11.707659
52 0 613 10.925303
52 0 733 10.897616
52 0 247 10.786586
53 0 251 15.905958
53 0 36 10.917948
53 0 28 10.709318
53 0 674 10.445233
53 0 893 10.289622
53 0 503 10.196667
53 0 677 9.785436
53 0 367 9.54094
53 0 521 9.270387
53 0 683 9.120502
53 0 758 9.104593
53 0 1362 8.978964
53 0 1068 8.79386
53 0 739 8.793093
53 0 981 8.7795
53 0 247 8.769437
53 0 752 8.347761
53 0 250 8.253393
53 0 1050 8.218639
53 0 921 8.199408
54 0 465 26.617155
54 0 612 25.584335
54 0 420 22.474792
54 0 513 22.038506
54 0 146 21.138363
54 0 464 20.702536
54 0 901 20.633945
54 0 222 20.19398
54 0 211 20.1275
54 0 514 19.70444
54 0 601 18.239477
54 0 250 17.898933
54 0 683 17.02801
54 0 900 16.475767
54 0 792 16.039114
54 0 1107 15.480656
54 0 1248 15.472789
54 0 561 15.167189
54 0 686 14.867858
54 0 147 14.197042
55 0 513 11.952969
55 0 683 10.8602295
55 0 420 10.026364
55 0 601 9.948688
55 0 633 9.763112
55 0 921 9.37937
55 0 602 9.326658
55 0 465 9.250774
55 0 147 9.204261
55 0 247 9.086044
55 0 229 8.961106
55 0 464 8.93452
55 0 222 8.731126
55 0 230 8.453592
55 0 1197 8.363547
55 0 388 8.3212595
55 0 901 8.25334
55 0 46 8.249852
55 0 680 8.220363
55 0 545 8.195011
56 0 751 20.855991
56 0 1209 20.231155
56 0 247 18.3539
56 0 916 17.176888
56 0 1153 16.745647
56 0 1082 16.313564
56 0 1339 16.151487
56 0 228 15.683327
56 0 749 15.48655
56 0 229 15.397432
56 0 895 15.205713
56 0 433 15.164522
56 0 1040 15.09702
56 0 918 14.913643
56 0 205 14.441059
56 0 179 14.212599
56 0 188 14.138115
56 0 704 14.093472
56 0 1072 13.984208
56 0 1268 13.631468
57 0 752 27.75956
57 0 1186 15.46117
57 0 468 13.039265
57 0 147 12.739908
57 0 250 12.307401
57 0 921 12.043902
57 0 467 10.968238
57 0 683 10.585825
57 0 919 10.287234
57 0 802 10.250572
57 0 382 10.155769
57 0 134 10.119879
57 0 230 10.117893
57 0 247 9.954995
57 0 599 9.918363
57 0 601 9.909115
57 0 1197 9.504514
57 0 289 9.484012
57 0 1112 9.264221
57 0 432 9.217581
58 0 516 49.177094
58 0 431 33.769318
58 0 141 33.263668
58 0 252 30.638168
58 0 808 26.119102
58 0 904 25.807621
58 0 1163 22.951723
58 0 76 22.454884
58 0 608 21.372856
58 0 755 21.352766
58 0 1153 20.7546
58 0 1065 20.570744
58 0 188 20.422024
58 0 1000 20.230038
58 0 791 20.080948
58 0 315 19.83998
58 0 1395 19.804047
58 0 1106 19.681566
58 0 179 19.525938
58 0 1162 19.125057
59 0 516 18.894156
59 0 1153 16.91435
59 0 799 16.046713
59 0 1350 14.934715
59 0 175 14.481668
59 0 610 14.176355
59 0 431 14.061411
59 0 1155 13.293027
59 0 1062 12.837184
59 0 795 12.283333
59 0 1243 12.2529745
59 0 904 12.199427
59 0 280 12.0568075
59 0 1353 11.883989
59 0 252 11.532923
59 0 1074 11.476004
59 0 230 11.24827
59 0 198 11.151895
59 0 907 11.093766
59 0 800 11.030282
61 0 875 14.304378
61 0 1208 12.034403
61 0 1389 10.529042
61 0 654 10.505159
61 0 1203 10.193548
61 0 488 10.034369
61 0 1276 9.678432
61 0 1160 9.289635
61 0 319 9.0534315
61 0 1189 9.015324
61 0 1327 8.999782
61 0 1061 8.609572
61 0 1156 8.378382
61 0 46 8.249852
61 0 1244 8.180721
61 0 75 8.1299
61 0 739 8.10983
61 0 913 7.9231715
61 0 151 7.496529
61 0 720 7.396058
62 0 1268 14.259323
62 0 135 13.727437
62 0 550 13.49576
62 0 274 13.101612
62 0 123 13.067373
62 0 1004 13.064202
62 0 1222 12.57283
62 0 975 12.302104
62 0 565 12.204077
62 0 260 12.069773
62 0 959 12.014499
62 0 518 11.828749
62 0 646 11.715659
62 0 168 11.686511
62 0 44 11.494156
62 0 623 11.467081
62 0 546 10.9463825
62 0 319 10.936158
62 0 509 10.646627
62 0 666 10.56737
66 0 186 13.09019
66 0 1352 10.963345
66 0 409 10.438078
66 0 461 9.783286
66 0 179 9.611558
66 0 126 9.074122
66 0 232 9.043922
66 0 655 8.905505
66 0 1311 8.618597
66 0 923 8.560652
66 0 176 8.298603
66 0 121 8.253778
66 0 415 8.239457
66 0 283 8.145133
66 0 519 8.091625
66 0 482 8.061809
66 0 173 7.98088
66 0 189 7.912585
66 0 1306 7.8277035
66 0 282 7.7960978
67 0 536 13.794972
67 0 1238 13.731793
67 0 1373 12.007534
67 0 976 11.974527
67 0 433 11.054404
67 0 85 10.9586735
67 0 338 10.866171
67 0 1205 10.85877
67 0 1211 10.826987
67 0 186 10.492786
67 0 25 10.304657
67 0 1279 9.980101
67 0 89 9.740324
67 0 1262 9.671127
67 0 556 9.56545
67 0 1153 9.184431
67 0 154 9.069286
67 0 272 8.972918
67 0 182 8.866051
67 0 446 8.624155
68 0 315 16.1563
68 0 1268 12.34229
68 0 1257 11.790319
68 0 610 11.534418
68 0 207 11.218287
68 0 959 10.975589
68 0 37 10.752243
68 0 272 10.038492
68 0 337 9.922312
68 0 1154 9.922196
68 0 281 9.81908
68 0 1321 9.67799
68 0 260 9.467873
68 0 504 9.32951
68 0 526 9.245467
68 0 418 8.967646
68 0 330 8.9263315
68 0 53 8.669384
68 0 261 8.526356
68 0 406 8.496526
69 0 536 13.258309
69 0 37 12.560812
69 0 17 10.841203
69 0 315 10.268143
69 0 1257 10.196401
69 0 281 9.81908
69 0 207 9.530861
69 0 330 8.9263315
69 0 401 8.534191
69 0 1158 8.473201
69 0 1305 8.39484
69 0 535 8.36713
69 0 171 8.057899
69 0 568 7.934096
69 0 39 7.8307815
69 0 655 7.80499
69 0 1321 7.7881503
69 0 1205 7.7705927
69 0 1391 7.482809
69 0 1368 7.406344
71 0 289 32.009094
71 0 433 24.566006
71 0 927 18.28794
71 0 520 17.559256
71 0 288 16.695473
71 0 1277 16.19409
71 0 432 15.809066
71 0 229 15.354625
71 0 1152 15.2500725
71 0 126 14.156188
71 0 1141 11.736462
71 0 549 11.4624405
71 0 60 11.266828
71 0 1202 10.966023
71 0 154 10.918648
71 0 1091 10.824535
71 0 1196 10.802907
71 0 825 10.724089
71 0 901 10.684942
71 0 558 10.592337
72 0 521 37.31771
72 0 526 31.019188
72 0 496 26.378101
72 0 468 23.473722
72 0 440 23.413534
72 0 469 22.738579
72 0 503 22.499907
72 0 797 20.893534
72 0 439 19.502228
72 0 903 19.169104
72 0 1320 18.642656
72 0 121 17.787369
72 0 467 17.690805
72 0 404 17.118399
72 0 1228 15.943587
72 0 38 15.9026985
72 0 211 15.596804
72 0 312 15.444055
72 0 1154 15.132797
72 0 683 15.094671
74 0 467 18.21371
74 0 469 17.642838
74 0 903 15.7163
74 0 503 14.76449
74 0 496 14.732407
74 0 404 14.461931
74 0 468 13.588993
74 0 1070 13.041016
74 0 194 12.767271
74 0 521 12.503056
74 0 39 12.390711
74 0 916 11.894187
74 0 1074 11.796702
74 0 1194 11.788998
74 0 122 10.758461
74 0 121 10.595585
74 0 526 10.509068
74 0 919 10.108988
74 0 936 9.886479
74 0 940 9.811025
79 0 1190 13.465529
79 0 103 13.026144
79 0 1199 12.74319
79 0 108 11.9492035
79 0 357 10.051802
79 0 1031 9.908663
79 0 943 9.727171
79 0 236 9.5851345
79 0 367 9.352685
79 0 760 8.923021
79 0 1226 8.443014
79 0 42 8.417197
79 0 251 8.172247
79 0 849 8.08696
79 0 1148 7.916669
79 0 231 7.6516323
79 0 338 7.524363
79 0 1160 7.4896145
79 0 541 7.488784
79 0 1134 7.4735928
80 0 305 18.691517
80 0 525 17.648342
80 0 540 15.498495
80 0 123 15.311447
80 0 353 14.787312
80 0 84 14.098628
80 0 1299 13.4431095
80 0 274 13.016792
80 0 1185 12.454405
80 0 1002 12.009094
80 0 26 11.8048
80 0 1159 11.743833
80 0 666 11.171151
80 0 329 10.8007145
80 0 480 10.675437
80 0 1204 10.502712
80 0 44 10.48637
80 0 344 10.367358
80 0 655 10.132771
80 0 481 10.120245
81 0 305 17.336483
81 0 353 17.227081
81 0 525 15.183696
81 0 123 15.021571
81 0 84 14.640627
81 0 36 14.628711
81 0 1185 13.742462
81 0 1159 13.723545
81 0 655 13.614247
81 0 623 13.599288
81 0 540 13.561142
81 0 983 13.485324
81 0 333 13.225267
81 0 37 13.037303
81 0 1366 13.021476
81 0 572 12.862555
81 0 274 12.832112
81 0 344 12.717835
81 0 303 12.691677
81 0 260 11.6391735
82 0 525 21.553827
82 0 568 19.440498
82 0 307 19.388203
82 0 310 17.692179
82 0 570 17.552725
82 0 1200 17.424782
82 0 327 17.41538
82 0 305 16.967318
82 0 304 15.611645
82 0 260 15.468505
82 0 25 15.121351
82 0 663 14.375677
82 0 9 14.31479
82 0 1299 13.4431095
82 0 334 13.02487
82 0 1076 12.999878
82 0 308 12.918002
82 0 389 12.403302
82 0 375 12.1633835
82 0 180 11.995002
83 0 526 23.244413
83 0 440 22.518206
83 0 797 18.115229
83 0 683 17.357944
83 0 222 15.719888
83 0 521 12.542003
83 0 633 12.336931
83 0 334 11.723032
83 0 1320 10.791341
83 0 439 10.76907
83 0 655 10.689433
83 0 1300 10.421824
83 0 707 10.286656
83 0 712 10.133271
83 0 924 9.941761
83 0 634 9.890834
83 0 796 9.581063
83 0 685 9.560617
83 0 792 9.515362
83 0 757 9.352022
84 0 527 29.51112
84 0 321 25.193628
84 0 1235 23.774643
84 0 1370 23.549965
84 0 320 22.60676
84 0 366 22.490685
84 0 349 22.383047
84 0 322 20.848429
84 0 476 20.592644
84 0 499 19.526724
84 0 1108 18.860579
84 0 365 16.567131
84 0 15 16.520695
84 0 356 16.491062
84 0 553 16.297827
84 0 1302 16.0747
84 0 1365 16.011734
84 0 479 15.641453
84 0 374 14.754258
84 0 493 14.577681
85 0 1259 15.366461
85 0 192 14.808432
85 0 435 14.709332
85 0 541 14.119637
85 0 494 13.818817
85 0 273 13.528326
85 0 27 13.287557
85 0 1301 13.057369
85 0 332 12.888323
85 0 1248 12.875896
85 0 801 12.787047
85 0 1268 12.692358
85 0 142 12.679326
85 0 1207 12.556137
85 0 1263 12.491797
85 0 421 12.285212
85 0 326 12.15393
85 0 1310 12.151984
85 0 414 12.069184
85 0 318 11.8748665
86 0 494 29.544758
86 0 326 19.834524
86 0 261 18.43481
86 0 528 17.894897
86 0 36 16.425962
86 0 1281 16.065922
86 0 1213 15.769731
86 0 25 15.264943
86 0 23 15.024026
86 0 142 14.989771
86 0 1214 14.547745
86 0 1310 14.344937
86 0 1301 14.2199955
86 0 251 14.149004
86 0 94 14.043199
86 0 1248 13.578732
86 0 124 13.539199
86 0 192 13.366829
86 0 233 13.31166
86 0 1259 13.15916
87 0 1215 16.7637
87 0 306 15.9025755
87 0 36 15.640345
87 0 21 15.630311
87 0 251 14.149004
87 0 96 14.143701
87 0 629 14.000111
87 0 550 13.526949
87 0 534 12.751511
87 0 1142 12.689672
87 0 1214 12.131684
87 0 326 11.727158
87 0 1191 11.686385
87 0 117 11.4883
87 0 8 11.468816
87 0 182 10.866087
87 0 22 10.799802
87 0 265 10.7512455
87 0 17 10.636201
87 0 187 10.615133
93 0 208 36.661694
93 0 1221 27.53307
93 0 531 24.01829
93 0 1253 21.568134
93 0 437 21.092848
93 0 269 20.672045
93 0 407 20.466784
93 0 1236 20.339485
93 0 1255 20.260906
93 0 625 20.216852
93 0 298 19.850891
93 0 267 19.72696
93 0 270 19.653778
93 0 1273 19.495188
93 0 296 19.369629
93 0 61 19.26162
93 0 447 18.281134
93 0 490 18.175526
93 0 1139 18.115093
93 0 1222 18.074743
94 0 123 33.625404
94 0 84 27.291328
94 0 44 25.906296
94 0 1307 25.34591
94 0 305 25.15109
94 0 1213 23.948885
94 0 338 23.65849
94 0 274 23.324528
94 0 1185 23.297703
94 0 525 22.877033
94 0 354 22.394114
94 0 623 21.938541
94 0 365 21.729527
94 0 651 21.720585
94 0 1300 21.663816
94 0 366 20.856003
94 0 353 20.37322
94 0 364 20.335083
94 0 754 20.194534
94 0 784 19.951857
95 0 17 25.440453
95 0 460 24.418798
95 0 1185 23.386314
95 0 377 21.69844
95 0 1301 21.281229
95 0 135 20.540363
95 0 251 18.970516
95 0 344 18.958847
95 0 406 18.821709
95 0 798 18.720394
95 0 1149 18.366814
95 0 376 18.189913
95 0 254 17.706247
95 0 16 17.614595
95 0 1154 17.571728
95 0 1281 17.526487
95 0 291 17.276878
95 0 1268 16.384003
95 0 562 15.751097
95 0 1109 15.730507
97 0 753 34.83334
97 0 783 19.954475
97 0 14 19.219603
97 0 1339 16.679848
97 0 251 15.845503
97 0 1105 14.802426
97 0 1331 14.735897
97 0 441 14.492485
97 0 711 14.406996
97 0 379 13.072761
97 0 627 13.016599
97 0 708 12.913757
97 0 36 12.90958
97 0 811 12.803592
97 0 637 12.795187
97 0 52 12.789319
97 0 1057 12.716121
97 0 202 12.668774
97 0 671 12.492465
97 0 781 12.376926
98 0 753 22.118887
98 0 117 15.107169
98 0 1181 15.062643
98 0 916 14.151564
98 0 1339 14.102058
98 0 380 13.954136
98 0 444 13.848809
98 0 52 13.702484
98 0 1099 12.811573
98 0 894 12.384174
98 0 1272 12.210772
98 0 152 11.759766
98 0 1275 11.631284
98 0 856 11.140015
98 0 899 11.0822
98 0 379 11.028957
98 0 1296 10.994069
98 0 461 10.850309
98 0 1268 10.820184
98 0 472 10.651138
99 0 754 31.312046
99 0 270 22.951197
99 0 1159 21.733711
99 0 120 20.802511
99 0 788 20.387598
99 0 873 19.473866
99 0 785 19.078028
99 0 789 18.43401
99 0 773 18.086332
99 0 963 15.902491
99 0 509 15.693616
99 0 1348 15.641932
99 0 387 15.160372
99 0 869 15.031187
99 0 435 15.024331
99 0 398 15.01513
99 0 1184 14.619084
99 0 269 14.530401
99 0 912 14.333142
99 0 407 14.235189
100 0 292 15.4450245
100 0 786 13.225427
100 0 657 12.844664
100 0 801 12.801462
100 0 1105 12.722262
100 0 842 12.678357
100 0 912 12.634652
100 0 364 12.091104
100 0 610 11.917619
100 0 1055 11.780848
100 0 458 11.606455
100 0 785 11.310332
100 0 962 11.223809
100 0 646 11.07892
100 0 381 10.856678
100 0 207 10.733715
100 0 754 10.701874
100 0 1309 10.662659
100 0 383 10.511089
100 0 1154 10.442566
101 0 527 32.736954
101 0 321 32.48189
101 0 322 31.071064
101 0 320 27.317755
101 0 1235 19.994623
101 0 1377 19.570267
101 0 107 18.006447
101 0 1219 17.634224
101 0 730 17.621712
101 0 1240 17.160608
101 0 476 16.67112
101 0 349 16.42664
101 0 34 16.23066
101 0 369 15.720605
101 0 72 15.456327
101 0 499 14.745764
101 0 1224 14.706792
101 0 1179 14.562087
101 0 375 14.479771
101 0 1273 14.469984
102 0 539 21.005562
102 0 566 18.8566
102 0 435 17.85477
102 0 564 17.515493
102 0 333 15.218527
102 0 1213 14.747497
102 0 352 14.112404
102 0 944 14.040592
102 0 553 14.034105
102 0 1307 13.925104
102 0 1258 13.801492
102 0 122 13.760571
102 0 651 13.12282
102 0 283 13.099538
102 0 789 12.916027
102 0 1238 12.89507
102 0 784 12.40448
102 0 689 12.261573
102 0 23 12.120322
102 0 854 11.9444895
103 0 1268 26.16669
103 0 459 24.793863
103 0 1258 24.513565
103 0 452 23.504902
103 0 381 23.04371
103 0 483 21.72418
103 0 787 21.398653
103 0 785 21.26199
103 0 105 20.97473
103 0 148 20.788258
103 0 553 19.146723
103 0 1383 19.001654
103 0 788 18.55198
103 0 255 18.428074
103 0 36 18.17277
103 0 1081 18.089375
103 0 629 17.590708
103 0 659 17.037586
103 0 1384 16.689812
103 0 1072 16.47906
104 0 843 10.903866
104 0 1084 10.339127
104 0 1327 10.310936
104 0 1121 10.203333
104 0 1051 10.047639
104 0 287 10.029104
104 0 839 9.67708
104 0 1336 9.597723
104 0 548 9.47809
104 0 1104 9.378828
104 0 659 9.299692
104 0 889 9.234912
104 0 196 9.213202
104 0 1118 9.075764
104 0 1119 9.063885
104 0 1334 9.011993
104 0 782 8.790369
104 0 783 8.657233
104 0 1130 8.563528
104 0 954 8.542256
105 0 914 20.321663
105 0 730 18.646755
105 0 1204 17.158154
105 0 390 15.243698
105 0 1225 15.079117
105 0 277 15.050552
105 0 482 14.702398
105 0 196 13.901765
105 0 37 13.566247
105 0 815 13.323408
105 0 1247 13.172341
105 0 415 13.05427
105 0 556 12.988901
105 0 928 12.701817
105 0 1252 12.538234
105 0 124 12.336491
105 0 1051 12.031808
105 0 206 11.639969
105 0 827 11.393749
105 0 829 11.315239
106 0 3 21.601742
106 0 388 21.586655
106 0 1106 19.743534
106 0 1370 17.120749
106 0 393 17.034214
106 0 664 16.529795
106 0 180 16.37799
106 0 4 16.05195
106 0 977 16.022882
106 0 310 15.405103
106 0 1237 15.376096
106 0 1386 15.234932
106 0 569 15.145124
106 0 133 14.874363
106 0 1382 14.846102
106 0 2 14.825544
106 0 165 14.313667
106 0 1107 14.268992
106 0 306 14.08523
106 0 145 14.058331
107 0 128 27.922817
107 0 366 20.39724
107 0 629 18.81491
107 0 191 18.461891
107 0 329 18.33615
107 0 375 18.21375
107 0 1206 17.464268
107 0 576 17.03621
107 0 2 16.672628
107 0 149 16.190235
107 0 1182 16.154871
107 0 299 15.649519
107 0 310 15.162172
107 0 1224 14.998208
107 0 305 14.958572
107 0 73 14.872258
107 0 97 14.699724
107 0 458 14.64789
107 0 1370 14.597507
107 0 1072 14.48381
108 0 393 17.034214
108 0 2 16.849342
108 0 180 16.37799
108 0 4 16.05195
108 0 3 15.782978
108 0 306 15.648793
108 0 664 15.251022
108 0 388 15.028184
108 0 1107 14.300082
108 0 9 14.245267
108 0 1106 14.078624
108 0 72 14.068709
108 0 155 13.980295
108 0 629 13.8204975
108 0 784 13.815881
108 0 1282 13.1654215
108 0 309 13.134949
108 0 116 13.084052
108 0 308 13.050987
108 0 255 13.023116
109 0 628 30.898556
109 0 662 14.286203
109 0 560 13.28107
109 0 272 11.8638525
109 0 1200 11.77562
109 0 1248 11.689111
109 0 1240 11.534052
109 0 344 11.455179
109 0 1191 11.23436
109 0 773 10.721014
109 0 689 10.600595
109 0 365 10.442238
109 0 254 10.3139925
109 0 1266 9.957376
109 0 481 9.925669
109 0 707 9.802731
109 0 1263 9.689333
109 0 493 9.680416
109 0 985 9.569384
109 0 565 9.534076
110 0 128 15.683517
110 0 540 14.504929
110 0 365 12.173204
110 0 300 11.927252
110 0 559 11.81045
110 0 306 11.803903
110 0 292 11.654727
110 0 117 11.647834
110 0 366 11.319796
110 0 1043 11.243242
110 0 310 11.152167
110 0 1200 11.111755
110 0 565 10.991457
110 0 1366 10.63905
110 0 661 10.54036
110 0 458 10.539345
110 0 105 10.504068
110 0 94 10.400378
110 0 111 10.384372
110 0 648 10.356634
111 0 540 16.811245
111 0 180 14.576933
111 0 300 13.652184
111 0 349 13.153377
111 0 327 12.089731
111 0 62 11.978466
111 0 1236 11.528351
111 0 365 11.385857
111 0 1311 10.422766
111 0 1260 10.143418
111 0 435 10.079157
111 0 494 9.788753
111 0 4 9.552825
111 0 1054 9.305014
111 0 104 9.23568
111 0 570 9.227268
111 0 359 9.199426
111 0 1240 9.122116
111 0 939 9.064705
111 0 573 8.890649
112 0 540 13.661662
112 0 305 12.778092
112 0 573 11.896801
112 0 525 11.880174
112 0 63 11.709892
112 0 572 11.445557
112 0 26 11.008619
112 0 1395 10.897514
112 0 1253 10.883138
112 0 570 10.612761
112 0 1200 10.290158
112 0 310 10.277632
112 0 329 10.092108
112 0 625 9.916339
112 0 494 9.618697
112 0 25 9.478504
112 0 323 9.417555
112 0 308 9.259353
112 0 304 9.061023
112 0 124 8.984555
113 0 315 19.660355
113 0 193 17.375347
113 0 799 16.620262
113 0 139 16.584486
113 0 416 16.505066
113 0 1078 16.112967
113 0 666 15.387806
113 0 1082 15.203734
113 0 630 15.010255
113 0 244 14.8465
113 0 992 14.834592
113 0 657 14.718945
113 0 371 14.553467
113 0 53 14.516909
113 0 941 14.400397
113 0 117 14.396747
113 0 1229 14.317259
113 0 504 14.264777
113 0 1395 14.181241
113 0 1218 13.445208
114 0 332 42.358112
114 0 541 33.551613
114 0 625 23.823067
114 0 577 22.39975
114 0 401 20.93923
114 0 573 20.523623
114 0 42 19.207548
114 0 101 19.129795
114 0 488 18.135944
114 0 574 18.115223
114 0 1296 17.776363
114 0 1072 17.533585
114 0 552 17.10189
114 0 1374 17.046665
114 0 556 16.753887
114 0 1310 16.622707
114 0 486 16.19424
114 0 160 16.111181
114 0 1247 16.048544
114 0 456 15.467923
116 0 1153 19.883299
116 0 625 19.108097
116 0 364 18.746094
116 0 68 17.72844
116 0 26 17.492132
116 0 1161 17.324436
116 0 576 16.746576
116 0 1142 16.565262
116 0 280 15.012959
116 0 1155 14.60817
116 0 573 14.59626
116 0 997 14.3112335
116 0 516 14.229647
116 0 372 13.706982
116 0 283 13.53389
116 0 1003 13.510721
116 0 608 13.067749
116 0 1099 12.366143
116 0 329 12.157095
116 0 1143 12.100855
118 0 55 21.675167
118 0 82 20.085577
118 0 73 18.969978
118 0 54 18.230574
118 0 565 18.179825
118 0 630 18.1392
118 0 324 18.039766
118 0 50 17.715548
118 0 645 17.54318
118 0 1395 17.4275
118 0 396 17.20187
118 0 306 16.91649
118 0 353 16.777323
118 0 1099 16.128574
118 0 629 16.105337
118 0 328 15.879437
118 0 562 15.732886
118 0 1258 15.721031
118 0 983 15.664434
118 0 1393 15.588303
119 0 630 22.144907
119 0 667 20.850254
119 0 666 20.620174
119 0 328 18.632153
119 0 1198 17.225029
119 0 1007 16.672094
119 0 255 16.131088
119 0 1394 16.003546
119 0 43 15.977352
119 0 55 15.870053
119 0 50 15.745994
119 0 315 15.362495
119 0 1391 15.055265
119 0 389 15.05116
119 0 1072 14.961862
119 0 390 14.821136
119 0 565 14.733191
119 0 307 14.728981
119 0 1295 14.70621
119 0 54 14.663683
120 0 329 29.559944
120 0 630 22.218443
120 0 1395 22.0521
120 0 667 21.6845
120 0 1264 19.972954
120 0 1391 18.287577
120 0 315 17.928251
120 0 572 17.223665
120 0 272 17.073656
120 0 668 16.961506
120 0 1228 16.17982
120 0 345 16.103146
120 0 1394 16.017082
120 0 187 15.691415
120 0 347 15.595949
120 0 537 14.957756
120 0 1263 14.797752
120 0 1205 14.701954
120 0 1215 14.212996
120 0 1302 14.091381
121 0 589 26.623478
121 0 543 25.736116
121 0 588 21.570004
121 0 237 20.596153
121 0 578 19.582344
121 0 590 18.933016
121 0 216 18.09547
121 0 138 16.10576
121 0 426 14.8516035
121 0 591 13.662164
121 0 576 12.718274
121 0 1126 10.836365
121 0 772 9.823466
121 0 214 9.420231
121 0 592 9.380311
121 0 18 8.85266
121 0 935 8.619175
121 0 928 8.560952
121 0 1043 8.343106
121 0 739 7.3454385
122 0 544 23.705585
122 0 199 23.20376
122 0 755 22.107939
122 0 748 21.07926
122 0 597 20.372372
122 0 567 19.619003
122 0 202 16.28632
122 0 1066 16.277971
122 0 251 16.232422
122 0 196 16.174795
122 0 746 15.796541
122 0 52 15.747734
122 0 813 15.604668
122 0 49 15.200329
122 0 516 14.924106
122 0 1002 14.714528
122 0 861 14.469339
122 0 370 14.314949
122 0 204 14.033373
122 0 1115 13.692298
123 0 544 22.641703
123 0 790 17.08206
123 0 878 14.572319
123 0 251 13.717215
123 0 1335 13.111023
123 0 1113 12.635665
123 0 606 12.626936
123 0 814 12.273097
123 0 1336 12.109219
123 0 755 11.7459755
123 0 748 11.468485
123 0 1066 11.426753
123 0 622 11.370804
123 0 546 11.347458
123 0 599 11.018959
123 0 301 10.941254
123 0 202 10.871701
123 0 595 10.811186
123 0 958 10.231193
123 0 917 9.983687
126 0 714 20.6072
126 0 631 19.883821
126 0 799 17.15501
126 0 755 16.498928
126 0 1163 16.057045
126 0 672 14.449104
126 0 140 14.324299
126 0 256 14.116831
126 0 1153 13.9809885
126 0 1354 13.914466
126 0 245 13.653161
126 0 1287 12.883761
126 0 634 12.762747
126 0 372 12.211353
126 0 42 12.007508
126 0 1336 11.994874
126 0 652 11.757019
126 0 312 11.697113
126 0 598 11.604397
126 0 1351 11.519234
128 0 677 25.435274
128 0 1339 24.220142
128 0 1332 23.051243
128 0 678 21.610588
128 0 1334 20.215673
128 0 676 19.008904
128 0 315 17.934284
128 0 465 16.84592
128 0 712 15.497361
128 0 415 15.278406
128 0 637 15.273801
128 0 247 15.092155
128 0 204 14.9545765
128 0 287 14.688954
128 0 206 14.556742
128 0 632 14.532481
128 0 699 14.282788
128 0 924 14.147689
128 0 921 14.044738
128 0 704 13.631337
130 0 898 14.390329
130 0 1275 12.677733
130 0 428 12.633791
130 0 753 12.359969
130 0 633 11.877364
130 0 680 11.257054
130 0 97 10.508345
130 0 236 10.467203
130 0 1196 10.426998
130 0 1330 9.123945
130 0 224 8.603184
130 0 657 8.556511
130 0 1297 8.239603
130 0 19 8.116301
130 0 1230 8.10886
130 0 541 7.789071
130 0 1134 7.726658
130 0 371 7.5973115
130 0 347 7.504334
130 0 282 7.4652786
131 0 142 19.176125
131 0 294 18.714909
131 0 522 17.195091
131 0 1104 17.141953
131 0 435 16.59103
131 0 1310 15.900226
131 0 959 15.354372
131 0 873 15.307782
131 0 135 15.04243
131 0 661 14.999528
131 0 72 14.940512
131 0 398 14.808992
131 0 24 14.642442
131 0 1263 14.555232
131 0 553 14.412129
131 0 559 14.387379
131 0 546 14.336832
131 0 925 13.936684
131 0 564 13.7812395
131 0 651 13.65179
132 0 184 17.85735
132 0 315 17.816666
132 0 314 17.658012
132 0 84 17.373741
132 0 294 15.604843
132 0 1287 15.216188
132 0 710 15.205312
132 0 7 15.064034
132 0 9 15.0278635
132 0 719 14.656512
132 0 933 14.53087
132 0 182 14.52371
132 0 1155 14.372087
132 0 418 14.000064
132 0 293 13.874661
132 0 610 13.847187
132 0 522 13.802474
132 0 196 13.777897
132 0 272 13.753408
132 0 80 13.731442
133 0 755 42.78927
133 0 790 28.054014
133 0 594 22.355408
133 0 431 20.178207
133 0 188 18.162066
133 0 179 17.960926
133 0 1155 16.587122
133 0 600 16.236805
133 0 280 16.03206
133 0 214 15.888085
133 0 1290 14.496606
133 0 1153 14.319576
133 0 184 14.247407
133 0 544 14.129738
133 0 599 13.732952
133 0 1074 13.347434
133 0 634 13.050518
133 0 464 12.608491
133 0 516 12.515147
133 0 801 12.092875
135 0 1228 23.595028
135 0 1198 20.781984
135 0 439 20.49747
135 0 547 20.24836
135 0 797 19.720135
135 0 572 19.644747
135 0 334 19.207958
135 0 26 19.168182
135 0 625 19.010618
135 0 2 18.661486
135 0 1309 18.31525
135 0 1267 17.575695
135 0 25 17.117996
135 0 310 17.071571
135 0 191 16.947475
135 0 655 16.708101
135 0 707 16.622252
135 0 134 16.099783
135 0 903 15.829933
135 0 304 15.772834
136 0 548 39.21145
136 0 617 37.271137
136 0 613 36.152134
136 0 616 30.104357
136 0 622 29.995064
136 0 614 24.294136
136 0 615 22.540474
136 0 618 20.524826
136 0 958 18.406326
136 0 163 18.112679
136 0 1150 17.944374
136 0 162 16.652714
136 0 1391 15.302585
136 0 275 15.271954
136 0 1244 14.709236
136 0 449 14.492774
136 0 1166 14.074155
136 0 510 13.189878
136 0 218 12.622416
136 0 1324 12.524572
137 0 757 26.327972
137 0 801 23.115023
137 0 793 20.659765
137 0 797 20.420519
137 0 917 19.756401
137 0 921 19.22075
137 0 924 18.61291
137 0 916 17.607115
137 0 1338 17.597048
137 0 796 16.843891
137 0 638 16.617012
137 0 52 16.426783
137 0 464 16.417183
137 0 902 16.329884
137 0 315 16.24066
137 0 1341 16.174004
137 0 699 16.157784
137 0 252 16.15408
137 0 205 16.031822
137 0 420 15.950087
138 0 265 19.09335
138 0 1187 15.481896
138 0 1228 13.119072
138 0 311 12.609565
138 0 358 12.377876
138 0 1257 12.364541
138 0 798 11.263906
138 0 71 11.2567215
138 0 334 11.1854515
138 0 504 10.976327
138 0 416 10.920487
138 0 291 10.804796
138 0 293 10.799958
138 0 294 10.760658
138 0 569 10.680926
138 0 892 10.342328
138 0 439 10.322066
138 0 1281 10.301927
138 0 1216 10.236175
138 0 63 10.184553
139 0 252 14.757292
139 0 924 13.167713
139 0 799 12.3084135
139 0 431 12.013871
139 0 316 11.797668
139 0 1153 11.129015
139 0 925 10.086445
139 0 315 9.918217
139 0 672 8.990824
139 0 795 8.939232
139 0 800 8.901794
139 0 526 8.784061
139 0 610 8.754714
139 0 516 8.754075
139 0 251 8.734679
139 0 1154 8.521946
139 0 879 8.515801
139 0 923 8.492414
139 0 520 8.131197
139 0 440 7.8565674
140 0 758 26.085749
140 0 807 21.677948
140 0 1247 21.676899
140 0 806 20.471973
140 0 810 19.996521
140 0 804 19.345985
140 0 809 17.486609
140 0 811 15.731949
140 0 28 15.698066
140 0 1093 15.681674
140 0 683 15.075117
140 0 783 14.792876
140 0 1252 14.763003
140 0 36 14.401568
140 0 1219 14.3095875
140 0 808 13.506032
140 0 790 13.487148
140 0 1147 13.244341
140 0 726 13.026276
140 0 1331 12.643738
141 0 635 38.32528
141 0 691 25.440254
141 0 68 21.429451
141 0 1143 19.125591
141 0 1336 15.622007
141 0 572 15.372359
141 0 552 14.841885
141 0 1374 14.3533945
141 0 1157 14.0378
141 0 1353 13.920468
141 0 355 13.529174
141 0 1204 13.37321
141 0 686 13.350463
141 0 1290 13.224836
141 0 413 13.17442
141 0 804 13.14846
141 0 625 12.724009
141 0 37 12.548957
141 0 1241 12.479918
141 0 1159 12.365132
142 0 1393 24.425392
142 0 283 21.971905
142 0 983 20.888609
142 0 1161 20.189478
142 0 101 18.682272
142 0 1104 18.126202
142 0 559 17.921011
142 0 438 17.823542
142 0 1394 17.623146
142 0 662 17.246183
142 0 84 16.877659
142 0 555 15.064606
142 0 1099 14.892779
142 0 36 14.482032
142 0 369 14.43986
142 0 24 14.307547
142 0 366 14.1710615
142 0 1040 14.072893
142 0 553 14.02472
142 0 294 13.889165
143 0 635 17.667973
143 0 662 16.532211
143 0 36 13.349041
143 0 628 13.048375
143 0 1002 12.85163
143 0 283 12.687973
143 0 689 12.410607
143 0 690 12.0813265
143 0 101 11.895918
143 0 1258 11.84754
143 0 1191 11.715086
143 0 1395 11.055454
143 0 564 11.004318
143 0 123 10.253433
143 0 553 10.1585245
143 0 554 10.041202
143 0 1106 9.923376
143 0 497 9.851877
143 0 370 9.793186
143 0 1393 9.672884
145 0 637 23.577524
145 0 699 19.540716
145 0 1339 19.001406
145 0 698 18.04447
145 0 465 17.08282
145 0 779 16.72246
145 0 705 15.162072
145 0 1332 15.091206
145 0 712 15.034972
145 0 1334 14.992444
145 0 250 13.284461
145 0 1289 13.277538
145 0 1333 13.103629
145 0 704 13.0909605
145 0 674 13.090585
145 0 288 12.987723
145 0 683 12.933043
145 0 700 12.884456
145 0 247 12.161995
145 0 632 12.106253
146 0 779 14.672459
146 0 1331 14.598297
146 0 251 14.149004
146 0 728 10.768223
146 0 1214 9.918174
146 0 953 9.894066
146 0 36 9.647358
146 0 1289 9.646051
146 0 781 9.215914
146 0 906 8.721258
146 0 1391 8.717584
146 0 187 8.61628
146 0 440 8.277268
146 0 807 7.8442583
146 0 265 7.814174
146 0 810 7.7851844
146 0 824 7.5963984
146 0 329 7.4968
146 0 806 7.4437013
146 0 1334 7.412492
147 0 638 28.919601
147 0 673 23.695326
147 0 1343 19.06279
147 0 288 16.599073
147 0 1095 15.855498
147 0 315 15.709528
147 0 757 13.838714
147 0 1091 13.803775
147 0 792 13.397472
147 0 712 13.320961
147 0 433 13.233706
147 0 747 13.079651
147 0 1211 12.941858
147 0 121 12.61716
147 0 222 12.48707
147 0 1328 12.334656
147 0 1064 12.241308
147 0 798 11.944339
147 0 521 11.922243
147 0 797 11.874689
148 0 639 22.711082
148 0 715 19.935106
148 0 719 15.65616
148 0 32 14.824991
148 0 717 14.776312
148 0 553 13.963321
148 0 1362 13.400686
148 0 958 12.683633
148 0 236 12.3295965
148 0 164 12.009974
148 0 77 11.692294
148 0 1379 11.492727
148 0 614 11.332347
148 0 613 11.29874
148 0 1345 11.262365
148 0 1344 10.952784
148 0 1203 10.810007
148 0 1391 10.557114
148 0 274 10.192518
148 0 982 10.191109
149 0 1122 32.193573
149 0 760 31.14448
149 0 822 31.009308
149 0 1126 29.111526
149 0 1068 28.620726
149 0 739 27.670105
149 0 1051 27.094553
149 0 1171 26.541767
149 0 741 25.734617
149 0 1067 24.829456
149 0 743 23.233622
149 0 885 23.117811
149 0 928 22.717297
149 0 1172 22.452465
149 0 1070 22.296703
149 0 1131 21.99288
149 0 897 21.848225
149 0 1119 21.788881
149 0 1117 21.020672
149 0 1118 20.852709
150 0 819 34.719234
150 0 817 30.451216
150 0 820 27.3802
150 0 823 27.109055
150 0 1119 26.180584
150 0 760 25.870056
150 0 825 23.923002
150 0 826 23.487226
150 0 837 23.373333
150 0 818 22.361399
150 0 1122 19.525854
150 0 767 16.06603
150 0 1025 15.772083
150 0 1121 15.653902
150 0 867 15.499298
150 0 462 15.07099
150 0 1014 14.0913515
150 0 1030 13.863577
150 0 1035 13.718573
150 0 1013 13.338345
152 0 910 14.982219
152 0 729 11.265762
152 0 1007 10.4928465
152 0 720 10.468554
152 0 516 10.447388
152 0 998 8.58366
152 0 913 8.552194
152 0 1001 8.49523
152 0 1331 8.476698
152 0 713 8.395225
152 0 1006 8.340701
152 0 827 7.9274135
152 0 1342 7.9096584
152 0 497 7.331952
152 0 1092 7.3061743
152 0 1015 7.220165
152 0 1289 7.2125025
152 0 506 7.1163597
152 0 1268 7.055932
152 0 229 6.963251
153 0 761 19.006838
153 0 1050 11.540036
153 0 1048 11.321995
153 0 1127 11.063038
153 0 956 10.841806
153 0 1126 9.964053
153 0 1214 9.918174
153 0 951 9.641394
153 0 251 8.803401
153 0 906 8.721258
153 0 720 8.409593
153 0 1174 8.272214
153 0 1049 8.268596
153 0 1027 8.196124
153 0 826 7.819813
153 0 265 7.814174
153 0 317 7.5102386
153 0 770 7.397841
153 0 669 7.310323
153 0 824 7.266128
154 0 762 29.083204
154 0 1024 18.811998
154 0 1294 17.63902
154 0 1019 16.960701
154 0 837 15.343185
154 0 644 14.915121
154 0 819 14.814027
154 0 462 14.717946
154 0 835 14.505928
154 0 744 14.462522
154 0 739 13.59939
154 0 1055 13.443512
154 0 754 13.280904
154 0 29 13.274026
154 0 1362 13.240922
154 0 1035 13.175277
154 0 1042 12.933984
154 0 325 12.772877
154 0 659 12.452872
154 0 820 12.419009
155 0 764 35.89672
155 0 848 35.85281
155 0 847 21.01758
155 0 953 16.164375
155 0 1068 13.514375
155 0 117 12.937819
155 0 1126 12.420345
155 0 739 11.619541
155 0 763 11.307686
155 0 1172 11.1922655
155 0 846 11.006351
155 0 1071 10.878574
155 0 887 10.853237
155 0 1037 10.765823
155 0 42 10.643366
155 0 1036 10.641217
155 0 47 10.425169
155 0 897 10.333597
155 0 890 10.021414
155 0 1129 9.900303
156 0 764 10.003775
156 0 42 9.227211
156 0 552 8.541703
156 0 844 7.8925133
156 0 846 7.4311724
156 0 847 7.312045
156 0 908 7.197848
156 0 728 7.0674987
156 0 1392 7.0007167
156 0 1066 6.9823866
156 0 740 6.652083
156 0 887 6.6015215
156 0 52 6.5504827
156 0 723 6.363474
156 0 594 6.361146
156 0 878 6.354991
156 0 1161 6.1971903
156 0 739 6.1372547
156 0 1339 6.1206937
156 0 890 6.102678
157 0 640 30.680296
157 0 725 22.076012
157 0 29 18.71256
157 0 883 18.43689
157 0 909 18.38076
157 0 658 16.425055
157 0 345 15.462582
157 0 724 15.454085
157 0 1039 14.942845
157 0 220 14.760009
157 0 184 14.63983
157 0 1051 13.996159
157 0 911 13.854234
157 0 202 13.322428
157 0 836 13.283
157 0 1124 13.265652
157 0 1360 12.954559
157 0 100 12.945414
157 0 729 12.940258
157 0 415 12.865959
158 0 75 24.546677
158 0 720 19.1773
158 0 724 17.340927
158 0 881 14.690458
158 0 727 14.616171
158 0 726 13.876799
158 0 884 13.505878
158 0 951 12.516456
158 0 640 11.929004
158 0 909 11.5392475
158 0 837 11.030909
158 0 729 10.36116
158 0 932 10.157146
158 0 723 10.055208
158 0 883 9.672895
158 0 1012 9.614202
158 0 1171 9.558397
158 0 866 9.516578
158 0 721 9.507088
158 0 47 8.921568
160 0 1008 13.139704
160 0 51 12.908303
160 0 711 12.824946
160 0 859 12.516282
160 0 5 11.909682
160 0 31 10.966877
160 0 391 10.953521
160 0 627 10.502618
160 0 982 10.35504
160 0 66 9.08161
160 0 729 9.009279
160 0 29 8.889834
160 0 658 8.582308
160 0 390 8.528055
160 0 877 8.434574
160 0 709 8.114576
160 0 715 8.068005
160 0 509 8.030092
160 0 606 7.5050974
160 0 1361 7.4440403
161 0 1117 20.531511
161 0 1387 20.03108
161 0 1131 18.038074
161 0 1071 17.28398
161 0 642 17.103296
161 0 1020 16.81948
161 0 915 16.092068
161 0 1013 16.091787
161 0 1396 16.053398
161 0 1032 15.94532
161 0 889 15.8581295
161 0 412 15.413546
161 0 1172 15.275029
161 0 245 15.243498
161 0 742 15.175104
161 0 843 14.880467
161 0 1173 14.813633
161 0 744 14.749048
161 0 926 14.638197
161 0 957 14.630816
163 0 894 26.15526
163 0 390 17.821615
163 0 627 17.127598
163 0 857 16.98766
163 0 658 16.89854
163 0 1008 15.998213
163 0 856 14.985954
163 0 285 14.8239155
163 0 766 14.609832
163 0 859 14.452454
163 0 858 13.944176
163 0 739 13.913103
163 0 202 13.868059
163 0 392 13.3469715
163 0 442 13.310347
163 0 948 12.725891
163 0 822 12.655387
163 0 593 12.6286545
163 0 391 12.561451
163 0 1131 12.442467
164 0 641 46.7651
164 0 730 32.93225
164 0 733 21.768013
164 0 734 20.693354
164 0 422 20.527464
164 0 15 20.240734
164 0 527 20.169237
164 0 736 20.06835
164 0 735 19.505796
164 0 644 19.109753
164 0 700 18.558882
164 0 131 18.004541
164 0 342 17.874872
164 0 731 17.381708
164 0 826 16.841745
164 0 854 16.780125
164 0 627 16.1278
164 0 1392 15.515908
164 0 647 15.035193
164 0 1108 15.028385
165 0 748 16.771008
165 0 704 16.347462
165 0 815 15.329399
165 0 708 14.821183
165 0 265 14.244638
165 0 52 14.065821
165 0 1272 13.507251
165 0 685 13.195593
165 0 14 12.366475
165 0 638 12.058121
165 0 801 12.001594
165 0 1328 11.823839
165 0 1290 11.731109
165 0 593 11.67765
165 0 753 11.498268
165 0 1338 11.444149
165 0 780 11.374407
165 0 202 10.856337
165 0 1339 10.71108
165 0 204 10.6348915
167 0 895 38.663567
167 0 1266 24.551334
167 0 685 23.189398
167 0 676 22.765337
167 0 1290 22.625328
167 0 918 22.56487
167 0 712 21.751225
167 0 757 20.395382
167 0 395 19.112492
167 0 609 18.745075
167 0 780 17.392504
167 0 675 17.149424
167 0 919 16.989437
167 0 1333 16.849115
167 0 783 16.70392
167 0 916 16.67729
167 0 1392 16.192389
167 0 315 16.005028
167 0 465 15.73936
167 0 634 15.265223
168 0 540 16.872038
168 0 184 14.850629
168 0 13 13.662549
168 0 625 13.023498
168 0 782 12.8644
168 0 1068 12.815212
168 0 1274 12.041139
168 0 1319 12.041139
168 0 486 11.838083
168 0 139 11.820355
168 0 1400 11.660462
168 0 1145 11.440357
168 0 102 11.007568
168 0 1093 10.840157
168 0 818 10.317768
168 0 371 10.151107
168 0 120 10.072553
168 0 1177 9.776745
168 0 349 9.703167
168 0 658 9.641638
169 0 522 24.336767
169 0 1106 21.96927
169 0 1038 20.668396
169 0 605 20.111902
169 0 272 19.311632
169 0 759 18.455883
169 0 384 17.466187
169 0 423 16.041716
169 0 1218 15.707123
169 0 1202 15.159914
169 0 123 14.926948
169 0 801 14.503321
169 0 186 13.457039
169 0 1351 13.403713
169 0 947 13.076044
169 0 1303 12.954008
169 0 1192 12.869434
169 0 1343 12.847836
169 0 48 12.41851
169 0 937 11.940337
170 0 1304 16.468845
170 0 927 16.031527
170 0 122 13.16871
170 0 1285 12.785555
170 0 1115 12.607188
170 0 196 12.388751
170 0 907 11.7568865
170 0 1162 11.723581
170 0 164 11.530922
170 0 999 11.430103
170 0 947 11.083145
170 0 1077 11.015204
170 0 688 10.679585
170 0 229 10.617746
170 0 252 10.446116
170 0 1243 10.2965355
170 0 205 10.285191
170 0 197 10.106456
170 0 1362 10.050229
170 0 1075 9.987816
171 0 924 21.585245
171 0 1243 21.241158
171 0 923 21.081966
171 0 229 20.440956
171 0 230 20.021536
171 0 1239 19.256582
171 0 803 19.198915
171 0 431 19.15926
171 0 545 18.526243
171 0 1062 18.361715
171 0 1352 17.351665
171 0 246 16.943401
171 0 815 16.591162
171 0 599 16.513758
171 0 225 16.29923
171 0 1380 15.716541
171 0 210 15.517346
171 0 1259 15.410938
171 0 1074 15.193432
171 0 1188 15.192799
173 0 926 26.39578
173 0 928 26.199442
173 0 739 23.692545
173 0 897 22.84138
173 0 1034 22.026344
173 0 1024 21.837788
173 0 1068 21.580143
173 0 744 21.308214
173 0 1132 20.64687
173 0 1051 19.696728
173 0 1131 19.690428
173 0 763 19.64233
173 0 956 19.441097
173 0 827 18.747524
173 0 822 17.496775
173 0 533 17.419008
173 0 838 17.011902
173 0 852 16.388006
173 0 953 16.337568
173 0 830 16.29129
175 0 769 39.104763
175 0 887 34.024715
175 0 890 26.829582
175 0 886 24.073906
175 0 1172 22.865084
175 0 1117 22.831556
175 0 765 22.672215
175 0 741 22.44352
175 0 1146 22.362999
175 0 1068 21.804344
175 0 885 21.679073
175 0 926 21.653362
175 0 897 21.468746
175 0 1122 21.413479
175 0 739 20.404099
175 0 1145 20.248764
175 0 1116 19.905323
175 0 760 19.758116
175 0 763 19.72195
175 0 888 19.611177
176 0 769 23.206264
176 0 888 22.79845
176 0 887 22.436825
176 0 1146 22.362999
176 0 890 16.978518
176 0 837 15.735617
176 0 1127 15.501459
176 0 742 15.061118
176 0 1172 14.582825
176 0 739 14.434988
176 0 1117 14.349853
176 0 875 14.304378
176 0 885 13.960889
176 0 1178 13.908693
176 0 741 13.873671
176 0 31 13.868538
176 0 1056 13.672581
176 0 891 12.867653
176 0 580 12.723684
176 0 886 12.6719
177 0 1068 21.88237
177 0 898 20.103292
177 0 371 17.302803
177 0 828 16.41164
177 0 1070 16.269066
177 0 934 15.451241
177 0 251 15.099273
177 0 78 14.571525
177 0 600 13.536385
177 0 1287 13.347965
177 0 938 13.174937
177 0 931 13.021185
177 0 1268 12.936702
177 0 743 12.530771
177 0 1059 12.50363
177 0 442 12.473435
177 0 207 12.398392
177 0 315 12.386049
177 0 957 12.032457
177 0 1118 11.95933
181 0 1360 21.651957
181 0 147 14.140109
181 0 917 13.250342
181 0 775 13.010643
181 0 1221 12.791438
181 0 1078 12.781277
181 0 131 12.700286
181 0 186 12.017067
181 0 740 11.786154
181 0 701 11.505112
181 0 537 11.390063
181 0 394 11.199834
181 0 112 11.095762
181 0 34 11.077873
181 0 980 10.998336
181 0 270 10.764189
181 0 244 10.657362
181 0 387 10.569083
181 0 375 10.483724
181 0 28 10.243539
182 0 941 34.30873
182 0 1068 29.13224
182 0 828 24.589005
182 0 371 24.14617
182 0 625 21.672459
182 0 504 21.267181
182 0 442 20.79731
182 0 73 20.57699
182 0 251 20.444876
182 0 799 20.384928
182 0 600 20.34401
182 0 78 20.314306
182 0 315 20.308424
182 0 898 20.103292
182 0 516 19.937538
182 0 1287 19.70865
182 0 236 19.696394
182 0 28 19.420626
182 0 657 19.408989
182 0 455 19.344454
183 0 997 13.251311
183 0 993 12.833349
183 0 696 10.686872
183 0 1074 10.565143
183 0 176 10.425034
183 0 970 10.370605
183 0 1350 10.053074
183 0 1093 9.750423
183 0 1075 9.295828
183 0 179 9.170447
183 0 409 9.151139
183 0 1292 9.110876
183 0 1195 9.102148
183 0 610 9.053027
183 0 1352 9.034589
183 0 695 9.000385
183 0 1349 8.99276
183 0 173 8.987162
183 0 188 8.949239
183 0 924 8.88732
184 0 1326 24.099102
184 0 1288 21.322632
184 0 974 19.902107
184 0 773 15.050322
184 0 1095 14.728912
184 0 397 10.348641
184 0 1265 9.451086
184 0 1169 9.298988
184 0 1163 9.116753
184 0 1237 8.744796
184 0 1328 8.260965
184 0 46 8.249852
184 0 374 8.001617
184 0 387 7.662061
184 0 1283 7.349175
184 0 875 7.303388
184 0 388 7.1427407
184 0 61 7.105693
184 0 994 6.937409
184 0 628 6.7733164
187 0 869 18.917418
187 0 981 18.103722
187 0 5 16.656277
187 0 585 15.916221
187 0 6 15.775963
187 0 1024 15.296555
187 0 582 14.781729
187 0 91 14.194524
187 0 587 14.173278
187 0 944 13.352177
187 0 606 13.158694
187 0 1392 12.0037365
187 0 628 11.8186655
187 0 1375 11.714014
187 0 1207 11.688635
187 0 32 11.500579
187 0 267 11.4639015
187 0 549 11.297077
187 0 861 11.2965975
187 0 1073 11.284522
189 0 945 32.133373
189 0 1063 18.284166
189 0 92 15.6197405
189 0 1246 14.705221
189 0 762 14.177186
189 0 745 13.902056
189 0 1043 12.925287
189 0 1087 12.609928
189 0 606 12.327347
189 0 648 12.098742
189 0 328 11.563379
189 0 987 10.836957
189 0 989 10.172185
189 0 248 10.133898
189 0 429 10.102701
189 0 1286 9.82513
189 0 658 9.627744
189 0 869 9.563761
189 0 12 9.525754
189 0 988 9.440328
190 0 945 29.344282
190 0 988 22.28191
190 0 987 19.914715
190 0 989 19.530945
190 0 985 17.755459
190 0 314 16.558298
190 0 527 16.552979
190 0 278 14.776488
190 0 73 13.953734
190 0 1310 13.189186
190 0 660 12.017165
190 0 562 12.007997
190 0 36 11.8499365
190 0 1036 11.796023
190 0 538 11.502616
190 0 86 11.479364
190 0 143 11.234946
190 0 741 11.163685
190 0 1281 11.139187
190 0 4 11.099239
196 0 859 39.10096
196 0 948 32.239258
196 0 1008 21.339811
196 0 729 20.559769
196 0 766 19.862007
196 0 5 18.496428
196 0 858 17.219807
196 0 391 17.002573
196 0 627 15.614188
196 0 711 15.155885
196 0 856 14.740754
196 0 51 14.649126
196 0 857 14.435236
196 0 66 14.249713
196 0 390 14.172824
196 0 982 14.112084
196 0 727 13.757531
196 0 658 13.593258
196 0 709 13.584621
196 0 546 12.95076
200 0 950 39.68513
200 0 1021 30.23194
200 0 1022 21.307348
200 0 1023 20.77508
200 0 1014 20.384748
200 0 1025 18.44213
200 0 1017 18.246117
200 0 1019 18.140898
200 0 330 17.125376
200 0 1012 16.765942
200 0 912 16.653337
200 0 1028 16.060944
200 0 866 15.768713
200 0 1034 15.733717
200 0 168 14.843536
200 0 169 14.819613
200 0 928 14.617329
200 0 952 14.591402
200 0 518 14.1936455
200 0 955 13.830493
201 0 1021 12.874524
201 0 1017 12.649845
201 0 950 12.474261
201 0 1013 11.469179
201 0 1026 11.291557
201 0 1052 11.168076
201 0 1020 10.826853
201 0 1023 10.820273
201 0 1015 10.433191
201 0 951 10.362152
201 0 1014 10.128985
201 0 1029 10.059848
201 0 1012 10.017686
201 0 1028 9.37068
201 0 1027 9.222802
201 0 743 9.190399
201 0 1024 8.935981
201 0 1030 8.757331
201 0 1018 8.697637
201 0 1022 8.694133
202 0 951 12.196772
202 0 950 12.129604
202 0 1013 11.469179
202 0 1026 11.291557
202 0 1020 10.826853
202 0 1023 10.820273
202 0 1028 10.753334
202 0 1017 10.674938
202 0 1015 10.433191
202 0 1014 10.128985
202 0 1029 10.059848
202 0 1012 10.017686
202 0 1021 9.82629
202 0 1016 9.558935
202 0 1027 9.222802
202 0 1024 8.935981
202 0 1052 8.9271965
202 0 743 8.7640085
202 0 1030 8.757331
202 0 1018 8.697637
203 0 866 22.219559
203 0 951 20.07952
203 0 1012 18.444149
203 0 1015 15.686296
203 0 1013 14.162444
203 0 1028 13.749428
203 0 1014 13.443178
203 0 1020 13.365076
203 0 1017 13.339933
203 0 743 13.1396475
203 0 1021 12.4692745
203 0 1023 12.4008465
203 0 739 11.858438
203 0 1031 11.575846
203 0 640 11.407947
203 0 1026 11.291557
203 0 1018 10.88475
203 0 827 10.697695
203 0 935 10.5976
203 0 1052 10.340519
204 0 951 18.263706
204 0 1013 18.093782
204 0 950 18.08338
204 0 1026 17.812973
204 0 1020 17.681055
204 0 1029 17.025024
204 0 1017 16.873646
204 0 1014 16.531023
204 0 1023 15.971289
204 0 1021 15.928087
204 0 1016 15.416545
204 0 1024 14.750251
204 0 1019 14.477008
204 0 1015 14.359318
204 0 1028 14.327744
204 0 1030 14.201174
204 0 1012 14.146969
204 0 1031 14.088924
204 0 1018 13.746977
204 0 1027 13.741812
205 0 951 18.868757
205 0 1021 18.657644
205 0 1125 16.662405
205 0 1033 15.861103
205 0 829 15.606583
205 0 140 15.074533
205 0 1031 14.236321
205 0 1068 13.864029
205 0 831 13.59377
205 0 1034 13.431988
205 0 1070 13.255112
205 0 761 13.04804
205 0 891 12.971171
205 0 1131 12.96532
205 0 1119 12.902561
205 0 1012 12.86763
205 0 550 12.769242
205 0 1015 12.452758
205 0 1013 12.422109
205 0 1020 12.07578
206 0 952 65.34971
206 0 1023 39.93045
206 0 1026 38.223923
206 0 1034 36.70175
206 0 1021 31.304571
206 0 1017 30.055174
206 0 1025 27.265795
206 0 1013 26.7832
206 0 1052 25.113781
206 0 1024 25.00177
206 0 837 24.535608
206 0 740 24.412264
206 0 1012 24.03854
206 0 853 22.881931
206 0 1068 22.528948
206 0 870 21.882242
206 0 897 21.260456
206 0 1028 21.078526
206 0 1015 21.07098
206 0 1022 20.90791
208 0 897 20.526363
208 0 764 20.052364
208 0 844 18.844656
208 0 846 17.13988
208 0 887 16.391613
208 0 953 16.260138
208 0 841 16.11936
208 0 740 15.843883
208 0 826 15.642229
208 0 1068 15.619396
208 0 760 15.579738
208 0 854 15.417432
208 0 765 15.202665
208 0 847 14.861641
208 0 1118 14.7115
208 0 1171 14.7073345
208 0 769 14.6472645
208 0 889 14.624488
208 0 722 14.463817
208 0 851 14.462799
209 0 826 23.295177
209 0 897 21.719027
209 0 844 20.910522
209 0 887 20.512764
209 0 764 20.052364
209 0 846 18.97608
209 0 763 18.695099
209 0 1038 18.141338
209 0 760 17.935291
209 0 1172 17.485104
209 0 1068 17.224485
209 0 955 16.850046
209 0 1171 16.46404
209 0 1122 16.344963
209 0 953 16.260138
209 0 841 16.11936
209 0 847 16.0777
209 0 1118 15.927559
209 0 956 15.25356
209 0 1051 15.125799
210 0 954 24.561756
210 0 1038 17.098652
210 0 720 9.957678
210 0 890 9.948508
210 0 497 9.726524
210 0 769 9.557282
210 0 31 9.467007
210 0 870 9.362935
210 0 743 8.768262
210 0 580 7.9503593
210 0 840 7.934878
210 0 195 7.926422
210 0 1045 7.8266935
210 0 828 7.813023
210 0 887 7.673589
210 0 839 7.657303
210 0 955 7.599031
210 0 1134 7.588989
210 0 762 7.528739
210 0 725 7.493861
211 0 828 15.39495
211 0 1038 15.351992
211 0 851 14.618668
211 0 1043 13.83087
211 0 889 13.78425
211 0 843 13.448601
211 0 1135 13.166311
211 0 1137 12.24843
211 0 1134 11.846848
211 0 1214 11.099318
211 0 743 10.72916
211 0 819 10.439919
211 0 117 10.073328
211 0 957 9.883074
211 0 760 9.780679
211 0 735 9.487658
211 0 1068 9.239705
211 0 570 9.189218
211 0 1041 9.14375
211 0 885 8.949813
212 0 954 20.025822
212 0 890 15.887959
212 0 1175 13.783973
212 0 769 13.670932
212 0 1125 13.506165
212 0 1134 13.50535
212 0 1068 12.382591
212 0 765 11.892099
212 0 887 11.736715
212 0 531 11.651131
212 0 827 11.370133
212 0 828 10.977823
212 0 1038 9.744765
212 0 885 9.668753
212 0 935 9.582764
212 0 922 9.387396
212 0 329 9.248627
212 0 1219 9.089645
212 0 852 8.83976
212 0 889 8.779019
213 0 1043 16.343014
213 0 1051 15.116874
213 0 954 14.205965
213 0 828 13.682993
213 0 955 12.059599
213 0 889 12.03334
213 0 1134 11.846848
213 0 1068 11.229349
213 0 843 11.180831
213 0 930 11.165934
213 0 1137 10.673472
213 0 1174 10.653846
213 0 1052 10.4838295
213 0 839 10.434513
213 0 195 10.169582
213 0 1044 10.105308
213 0 117 10.073328
213 0 743 9.987362
213 0 1171 9.615032
213 0 1041 9.14375
214 0 955 35.256294
214 0 1045 30.398235
214 0 839 29.621971
214 0 763 28.057674
214 0 838 26.868813
214 0 1363 23.365376
214 0 840 23.234009
214 0 1126 23.06479
214 0 1051 21.682564
214 0 1178 20.057037
214 0 846 19.809868
214 0 1046 19.684887
214 0 954 19.523933
214 0 928 18.777195
214 0 856 18.47331
214 0 730 17.65974
214 0 743 17.584343
214 0 1105 17.478662
214 0 659 17.430601
214 0 1039 17.364826
215 0 1051 32.22661
215 0 839 25.756184
215 0 1045 24.543503
215 0 838 21.907665
215 0 763 21.284094
215 0 1126 19.100441
215 0 955 18.8074
215 0 1046 18.511267
215 0 1118 18.3194
215 0 827 16.315731
215 0 641 16.31065
215 0 928 15.649584
215 0 251 14.2189865
215 0 42 14.140226
215 0 851 14.005571
215 0 1121 13.914286
215 0 520 13.041318
215 0 1130 12.901223
215 0 956 12.698855
215 0 1013 12.422092
216 0 1045 34.750736
216 0 955 34.494095
216 0 1175 22.15814
216 0 730 21.88221
216 0 840 21.530422
216 0 641 21.30833
216 0 839 18.20288
216 0 763 16.344908
216 0 854 16.06023
216 0 1046 15.5178175
216 0 838 15.152006
216 0 928 14.614603
216 0 1134 13.397135
216 0 1051 12.295005
216 0 1363 11.880972
216 0 1176 11.646933
216 0 1178 11.0595045
216 0 1137 11.037917
216 0 1130 10.820474
216 0 1177 10.505374
217 0 956 42.54195
217 0 1050 39.535583
217 0 1049 22.339739
217 0 843 17.048592
217 0 1119 16.621178
217 0 1392 16.414886
217 0 1358 15.881979
217 0 1128 15.447035
217 0 889 14.868386
217 0 1387 14.674965
217 0 1357 14.600216
217 0 1126 14.241352
217 0 1127 14.091026
217 0 1145 13.720808
217 0 852 13.495974
217 0 1171 13.236231
217 0 826 12.776204
217 0 761 12.677309
217 0 844 12.4220295
217 0 863 12.292671
218 0 956 23.540663
218 0 1048 21.934608
218 0 1126 20.96445
218 0 1050 16.709415
218 0 739 14.987384
218 0 763 14.664475
218 0 1051 14.364644
218 0 838 14.284183
218 0 826 14.13191
218 0 761 13.4911
218 0 1118 13.054274
218 0 827 12.888726
218 0 928 12.179324
218 0 1127 12.159835
218 0 822 12.157233
218 0 926 11.939163
218 0 951 11.805038
218 0 1069 10.927835
218 0 1178 10.885687
218 0 1122 10.683839
219 0 930 18.535774
219 0 1051 17.108711
219 0 926 15.74564
219 0 826 13.34058
219 0 1070 13.2739
219 0 931 13.030097
219 0 1058 11.771979
219 0 1059 11.296094
219 0 802 11.190682
219 0 1053 11.149352
219 0 937 10.960096
219 0 1041 10.674415
219 0 739 10.546764
219 0 1118 10.488552
219 0 928 10.446727
219 0 1363 10.353761
219 0 934 10.350724
219 0 1360 10.174804
219 0 898 10.097191
219 0 851 10.025365
223 0 1062 25.71139
223 0 1074 24.716074
223 0 1075 24.488873
223 0 1202 16.135576
223 0 970 15.695316
223 0 923 15.564972
223 0 924 15.375255
223 0 1243 15.248835
223 0 696 14.805447
223 0 991 14.458549
223 0 1239 14.380342
223 0 188 14.1345
223 0 179 13.713559
223 0 252 13.694538
223 0 230 13.585624
223 0 799 13.3516865
223 0 1259 13.1805725
223 0 993 12.850803
223 0 124 12.568485
223 0 232 12.550362
224 0 251 12.932084
224 0 924 11.61703
224 0 783 11.56992
224 0 433 11.212622
224 0 52 11.166112
224 0 101 10.8281
224 0 676 10.572417
224 0 1248 10.414482
224 0 1362 10.361759
224 0 1246 10.248816
224 0 781 10.152333
224 0 1262 9.876864
224 0 222 9.78244
224 0 1266 9.759574
224 0 677 9.640673
224 0 206 9.3010235
224 0 1185 9.050418
224 0 991 9.007625
224 0 432 8.977472
224 0 1386 8.912163
225 0 42 15.484809
225 0 671 15.102228
225 0 1362 14.24733
225 0 94 12.626167
225 0 1225 12.376555
225 0 1079 12.242046
225 0 1076 12.062127
225 0 80 11.707852
225 0 36 11.687108
225 0 346 10.956121
225 0 1273 10.765322
225 0 547 10.741862
225 0 364 10.600303
225 0 610 10.12314
225 0 683 10.066535
225 0 1382 10.009223
225 0 311 9.982252
225 0 1062 9.9738035
225 0 1074 9.894419
225 0 1107 9.864446
226 0 1063 26.831142
226 0 1085 16.11367
226 0 1082 15.565075
226 0 1081 14.858114
226 0 394 13.577425
226 0 393 13.479312
226 0 329 13.355083
226 0 323 12.653656
226 0 117 12.360858
226 0 1391 12.076044
226 0 149 11.594698
226 0 666 10.508121
226 0 1078 10.508121
226 0 1394 10.508121
226 0 128 10.435889
226 0 228 10.014158
226 0 1053 9.9678335
226 0 281 9.955391
226 0 171 9.840691
226 0 300 9.770008
227 0 1088 29.327898
227 0 1086 20.495749
227 0 1054 19.723194
227 0 111 19.350658
227 0 1055 19.088997
227 0 367 15.745367
227 0 1063 14.2910385
227 0 1087 12.866461
227 0 1362 12.205765
227 0 777 12.156742
227 0 159 12.089468
227 0 863 11.9019375
227 0 827 11.888912
227 0 1262 11.725422
227 0 1389 11.697326
227 0 785 11.084303
227 0 479 11.069892
227 0 349 10.225205
227 0 1121 10.122022
227 0 916 10.077565
230 0 1101 15.29311
230 0 804 14.469766
230 0 1279 10.501232
230 0 1065 10.336082
230 0 810 10.05773
230 0 553 9.864679
230 0 1226 9.277342
230 0 1099 8.54757
230 0 968 8.279192
230 0 1097 8.215151
230 0 1299 8.167639
230 0 806 7.7553415
230 0 82 7.4940357
230 0 1100 7.467941
230 0 1089 7.240028
230 0 904 7.220002
230 0 1096 7.1109476
230 0 1170 6.976591
230 0 598 6.974968
230 0 743 6.9474516
231 0 1096 19.180899
231 0 1097 18.298845
231 0 1065 17.878222
231 0 553 16.658285
231 0 1098 15.214487
231 0 1099 13.857932
231 0 1279 13.542208
231 0 1100 12.194546
231 0 1302 10.921251
231 0 534 10.841002
231 0 761 10.5231495
231 0 204 9.843708
231 0 1117 9.569553
231 0 82 9.213596
231 0 251 8.783112
231 0 1015 8.774079
231 0 818 8.768881
231 0 463 8.6244755
231 0 906 8.440784
231 0 1160 8.297847
232 0 1006 30.293896
232 0 160 22.671583
232 0 456 22.287224
232 0 1393 22.061504
232 0 556 21.674759
232 0 498 20.862268
232 0 626 20.655981
232 0 318 20.475546
232 0 493 19.948711
232 0 369 19.355446
232 0 25 18.931618
232 0 1377 18.930126
232 0 1356 18.64879
232 0 544 18.558424
232 0 1204 17.672915
232 0 294 17.620243
232 0 1002 17.182056
232 0 993 17.09055
232 0 473 17.028538
232 0 370 16.805277
233 0 302 12.7479515
233 0 236 10.832505
233 0 552 10.474504
233 0 262 10.292466
233 0 949 9.903897
233 0 328 9.766409
233 0 982 8.891454
233 0 251 8.783112
233 0 1269 8.772852
233 0 1010 8.771048
233 0 1199 8.688177
233 0 1072 8.612254
233 0 82 8.438836
233 0 1230 8.380542
233 0 283 8.377904
233 0 1298 8.334263
233 0 691 8.227787
233 0 421 8.214896
233 0 876 8.17548
233 0 1335 8.082487
234 0 1066 28.773705
234 0 1197 19.766075
234 0 1259 17.095709
234 0 1112 16.026867
234 0 801 14.439916
234 0 1293 13.914644
234 0 846 13.874264
234 0 716 13.729958
234 0 52 13.66079
234 0 42 13.370317
234 0 899 13.33499
234 0 1339 12.912344
234 0 969 12.893272
234 0 723 12.474447
234 0 895 12.284651
234 0 1321 12.270003
234 0 1035 12.228335
234 0 25 12.149721
234 0 1289 11.797548
234 0 916 11.689968
241 0 1071 50.666687
241 0 885 44.72051
241 0 890 39.28482
241 0 769 36.06237
241 0 740 35.03237
241 0 1134 34.340534
241 0 830 32.920788
241 0 765 31.54161
241 0 887 30.541882
241 0 739 29.786835
241 0 889 29.412569
241 0 1012 28.982609
241 0 1126 28.918634
241 0 843 27.719406
241 0 1145 27.636778
241 0 852 27.507107
241 0 926 27.432224
241 0 1172 27.232761
241 0 1051 26.646862
241 0 1034 26.624643
245 0 1386 34.262302
245 0 54 28.898874
245 0 1185 26.246365
245 0 460 24.415863
245 0 55 24.22087
245 0 1192 23.315195
245 0 784 22.00462
245 0 539 21.859686
245 0 435 21.435099
245 0 1182 21.424992
245 0 1281 21.212843
245 0 364 20.702925
245 0 145 20.659307
245 0 135 20.641148
245 0 366 20.56867
245 0 365 19.932545
245 0 72 19.466955
245 0 314 19.231628
245 0 348 19.185297
245 0 352 19.109549
246 0 460 26.554085
246 0 55 25.67015
246 0 1386 22.942076
246 0 366 22.01684
246 0 489 21.80388
246 0 461 21.351667
246 0 135 20.641148
246 0 559 20.501362
246 0 62 20.482712
246 0 54 20.299984
246 0 562 19.921856
246 0 292 19.845303
246 0 365 19.81756
246 0 145 19.671926
246 0 16 19.611036
246 0 1383 19.455076
246 0 1185 19.344852
246 0 348 19.185297
246 0 477 18.509424
246 0 1182 18.479717
247 0 492 32.88167
247 0 232 25.436523
247 0 56 22.683071
247 0 57 22.185602
247 0 434 19.431187
247 0 124 19.390545
247 0 37 19.220482
247 0 973 18.892502
247 0 1311 18.26362
247 0 1231 16.997768
247 0 27 15.983693
247 0 373 15.361475
247 0 1040 14.949952
247 0 540 14.10784
247 0 688 14.045923
247 0 1186 13.863274
247 0 1310 13.836107
247 0 25 13.640091
247 0 443 13.485677
247 0 1307 13.139825
250 0 311 17.153038
250 0 265 15.092677
250 0 415 15.091882
250 0 503 13.440758
250 0 1187 13.401147
250 0 316 12.573663
250 0 358 12.377876
250 0 1268 11.523344
250 0 798 11.263906
250 0 71 11.2567215
250 0 1228 11.000474
250 0 416 10.920487
250 0 291 10.804796
250 0 569 10.680926
250 0 439 10.322066
250 0 1364 9.969568
250 0 1257 9.699863
250 0 334 9.631989
250 0 757 9.347595
250 0 793 9.336203
251 0 504 21.56411
251 0 71 17.665321
251 0 1375 13.294776
251 0 569 13.110286
251 0 209 12.937155
251 0 72 12.928938
251 0 663 12.35259
251 0 1276 12.144951
251 0 978 11.6495
251 0 383 10.890049
251 0 54 10.870558
251 0 306 10.713365
251 0 417 10.394973
251 0 410 10.361166
251 0 943 10.194631
251 0 334 10.128532
251 0 1109 10.0555315
251 0 1241 10.010971
251 0 364 9.980092
251 0 961 9.924179
252 0 504 22.78027
252 0 663 14.546506
252 0 71 13.851027
252 0 209 13.668098
252 0 72 12.928938
252 0 334 12.6308365
252 0 569 12.544569
252 0 55 12.36152
252 0 1276 12.144951
252 0 207 11.66121
252 0 54 10.541488
252 0 256 10.309889
252 0 305 10.260962
252 0 1220 9.956104
252 0 1237 9.937509
252 0 36 9.906564
252 0 17 9.830664
252 0 304 9.73631
252 0 377 9.708808
252 0 73 9.598147
253 0 553 23.518791
253 0 1279 18.90014
253 0 274 15.485989
253 0 1043 15.093697
253 0 1100 14.161694
253 0 82 13.588203
253 0 1147 13.389023
253 0 1157 12.856403
253 0 1098 11.385213
253 0 84 11.220306
253 0 981 11.214169
253 0 1183 10.99502
253 0 1297 10.938991
253 0 1241 10.626512
253 0 665 10.611754
253 0 773 10.5176
253 0 77 10.457884
253 0 645 10.175291
253 0 29 10.156739
253 0 540 10.039293
254 0 750 26.496315
254 0 118 24.540392
254 0 965 21.586378
254 0 157 20.202478
254 0 217 18.138002
254 0 341 17.94549
254 0 696 15.775312
254 0 591 15.443268
254 0 1224 14.931948
254 0 236 14.923757
254 0 656 14.892759
254 0 127 14.729486
254 0 575 14.659953
254 0 166 14.436332
254 0 410 14.115381
254 0 404 14.080187
254 0 1280 13.971301
254 0 117 13.635421
254 0 1009 13.546856
254 0 1230 13.492592
255 0 750 27.60821
255 0 118 24.557281
255 0 157 23.97911
255 0 965 22.390905
255 0 341 19.855263
255 0 217 19.328823
255 0 1280 18.34656
255 0 166 17.0103
255 0 985 16.973347
255 0 236 16.786337
255 0 131 16.549454
255 0 127 16.22962
255 0 1072 15.625109
255 0 656 15.518669
255 0 575 15.266284
255 0 213 15.173756
255 0 4 15.1568775
255 0 136 14.926632
255 0 696 14.850702
255 0 1230 14.730817
257 0 904 25.588367
257 0 139 23.564804
257 0 1082 21.038094
257 0 238 19.945404
257 0 315 19.002174
257 0 905 18.602861
257 0 893 18.554037
257 0 239 17.242025
257 0 140 15.817738
257 0 1264 15.689682
257 0 213 15.600144
257 0 443 13.843867
257 0 1033 12.795346
257 0 906 12.641998
257 0 1004 12.638314
257 0 187 12.551688
257 0 550 12.4753275
257 0 1191 12.384124
257 0 1205 12.350567
257 0 189 11.930196
259 0 516 44.68672
259 0 431 40.68542
259 0 252 30.638168
259 0 141 29.021368
259 0 904 27.365543
259 0 188 25.727558
259 0 808 25.466248
259 0 755 24.72709
259 0 179 24.596165
259 0 1155 23.472458
259 0 631 21.995718
259 0 183 21.828814
259 0 608 21.372856
259 0 800 21.065613
259 0 1153 20.7546
259 0 76 20.578989
259 0 1065 20.570744
259 0 1074 20.458723
259 0 1004 20.428158
259 0 230 20.250414
261 0 320 23.835955
261 0 527 23.734982
261 0 322 21.211332
261 0 321 20.45585
261 0 476 16.67112
261 0 478 14.797686
261 0 1235 14.382568
261 0 1370 13.714916
261 0 107 11.743234
261 0 736 11.176242
261 0 1251 11.060578
261 0 934 10.9984865
261 0 424 10.787488
261 0 731 9.7568445
261 0 6 9.37819
261 0 155 9.366613
261 0 641 9.364019
261 0 23 9.294322
261 0 734 9.233122
261 0 366 9.2083025
264 0 451 24.040934
264 0 532 16.509014
264 0 367 15.425995
264 0 1054 11.82094
264 0 777 11.691608
264 0 956 11.217856
264 0 1047 10.923723
264 0 1392 10.914721
264 0 1240 10.755802
264 0 931 10.670764
264 0 155 10.283891
264 0 1067 10.244206
264 0 916 9.902121
264 0 785 9.808594
264 0 376 9.666622
264 0 290 9.592792
264 0 91 9.418569
264 0 1119 9.370949
264 0 300 9.352205
264 0 703 9.2546625
265 0 483 16.462364
265 0 35 16.17283
265 0 1274 14.533403
265 0 1319 14.533403
265 0 501 12.982494
265 0 533 12.836005
265 0 1151 12.3746805
265 0 1390 12.014283
265 0 1257 11.980044
265 0 411 10.936239
265 0 523 10.835815
265 0 160 10.517935
265 0 369 10.052713
265 0 1157 9.963897
265 0 1318 9.943773
265 0 552 9.588925
265 0 178 9.524116
265 0 37 9.47613
265 0 1174 9.378477
265 0 201 9.11389
266 0 941 15.519632
266 0 139 12.488035
266 0 351 11.262856
266 0 491 10.963325
266 0 1080 10.940497
266 0 1221 10.08087
266 0 666 10.025666
266 0 238 9.583594
266 0 9 9.483876
266 0 270 9.223297
266 0 1082 9.085426
266 0 630 8.981053
266 0 315 8.854531
266 0 550 8.672834
266 0 1191 8.605615
266 0 1395 8.423864
266 0 112 8.292343
266 0 755 7.9322176
266 0 1256 7.8459797
266 0 1007 7.669963
267 0 542 22.617247
267 0 1073 16.28199
267 0 586 15.952626
267 0 869 14.4514065
267 0 1375 14.296267
267 0 767 13.920272
267 0 6 13.1067505
267 0 981 13.036222
267 0 454 12.467344
267 0 963 12.360467
267 0 435 12.218422
267 0 1185 12.179447
267 0 495 11.604656
267 0 587 11.5975485
267 0 5 11.509553
267 0 181 11.10232
267 0 570 11.093505
267 0 1182 11.045006
267 0 1207 11.02323
267 0 160 10.937473
268 0 543 19.123201
268 0 590 18.933016
268 0 588 18.42971
268 0 426 17.404068
268 0 237 16.653091
268 0 589 16.50194
268 0 216 15.978155
268 0 138 15.745063
268 0 576 14.218492
268 0 214 13.59217
268 0 578 11.728058
268 0 772 9.823466
268 0 1034 9.75101
268 0 42 9.52107
268 0 592 9.380311
268 0 213 9.186825
268 0 1102 9.020077
268 0 642 8.947615
268 0 911 8.510275
268 0 1089 8.21664
269 0 138 14.364672
269 0 216 14.360436
269 0 591 13.662164
269 0 511 13.501709
269 0 589 12.862396
269 0 237 11.891973
269 0 590 11.504053
269 0 543 11.45483
269 0 31 11.415731
269 0 1155 11.292851
269 0 426 10.469559
269 0 1183 10.087092
269 0 588 9.912212
269 0 1171 9.836353
269 0 772 9.823466
269 0 839 9.517008
269 0 214 9.420231
269 0 73 9.369766
269 0 236 8.941776
269 0 18 8.85266
272 0 633 45.50734
272 0 428 30.942814
272 0 682 29.109499
272 0 680 28.688934
272 0 224 23.656994
272 0 122 23.559908
272 0 811 21.730124
272 0 49 20.485432
272 0 930 20.315691
272 0 183 19.668756
272 0 826 19.015816
272 0 370 18.741669
272 0 918 18.55545
272 0 562 18.541279
272 0 97 18.154087
272 0 52 17.799606
272 0 1271 17.69832
272 0 470 17.663546
272 0 753 17.592371
272 0 1196 17.46074
273 0 548 24.113575
273 0 616 18.83599
273 0 617 18.681923
273 0 613 15.244675
273 0 622 14.331524
273 0 1391 14.227415
273 0 614 13.427134
273 0 218 13.036542
273 0 1324 11.164186
273 0 615 10.229092
273 0 315 10.01048
273 0 969 9.688235
273 0 85 9.346478
273 0 716 9.321823
273 0 404 8.802726
273 0 1103 8.722628
273 0 1166 8.551995
273 0 1150 8.5515175
273 0 719 8.147088
273 0 621 7.881543
274 0 997 13.829396
274 0 993 11.983292
274 0 1075 10.3444195
274 0 409 10.267606
274 0 1195 10.2235565
274 0 1074 10.14426
274 0 1374 10.075156
274 0 1350 10.053074
274 0 1151 9.998973
274 0 1243 9.973976
274 0 696 9.762261
274 0 388 9.523474
274 0 799 9.5032215
274 0 243 9.499551
274 0 970 9.467097
274 0 1292 9.110876
274 0 610 9.042209
274 0 695 9.000385
274 0 1093 8.936734
274 0 1352 8.804452
275 0 634 63.79333
275 0 685 52.156357
275 0 593 22.980944
275 0 1300 21.338602
275 0 686 20.965609
275 0 193 19.580303
275 0 712 19.503693
275 0 1290 18.599867
275 0 201 18.090475
275 0 211 17.688328
275 0 757 17.581238
275 0 675 17.050947
275 0 856 17.025515
275 0 440 16.726217
275 0 572 16.582647
275 0 655 16.246584
275 0 571 16.21542
275 0 503 16.198566
275 0 544 16.187498
275 0 1218 16.092037
277 0 809 15.799818
277 0 893 14.639967
277 0 758 14.38161
277 0 807 14.071167
277 0 811 13.1298895
277 0 808 12.837238
277 0 199 12.606818
277 0 804 12.443123
277 0 1243 12.305294
277 0 1068 12.246372
277 0 1177 12.054185
277 0 374 12.000456
277 0 997 11.966457
277 0 1226 11.471146
277 0 251 11.337487
277 0 88 11.178547
277 0 568 11.069344
277 0 555 11.02274
277 0 39 10.839031
277 0 127 10.593343
283 0 82 13.631457
283 0 554 12.249485
283 0 813 12.04915
283 0 509 11.9523115
283 0 67 11.119052
283 0 1217 10.6146965
283 0 1000 10.476106
283 0 1219 10.250433
283 0 353 9.469707
283 0 717 9.4681015
283 0 917 9.455369
283 0 978 9.437219
283 0 895 9.034741
283 0 274 8.798076
283 0 716 8.78927
283 0 1379 8.457455
283 0 1068 7.7968225
283 0 1391 7.6677437
283 0 318 7.5970345
283 0 1297 7.5970345
284 0 856 19.000221
284 0 857 16.747543
284 0 858 14.525702
284 0 390 14.483304
284 0 766 14.117351
284 0 1008 13.698718
284 0 948 12.725891
284 0 391 12.561451
284 0 859 12.274124
284 0 658 11.773622
284 0 627 11.445921
284 0 864 10.717283
284 0 894 10.616951
284 0 285 10.436312
284 0 15 10.054283
284 0 753 9.8970995
284 0 686 8.774158
284 0 878 8.192966
284 0 75 7.8959723
284 0 1392 7.8379636
285 0 1243 18.942722
285 0 1062 17.12436
285 0 1239 15.769448
285 0 229 14.630592
285 0 1075 14.585703
285 0 252 14.376818
285 0 803 13.994865
285 0 610 13.744927
285 0 1074 13.561399
285 0 923 13.319653
285 0 723 13.293609
285 0 924 13.265765
285 0 230 12.852209
285 0 520 11.5898
285 0 921 11.493588
285 0 456 11.299549
285 0 266 11.2834
285 0 404 11.039181
285 0 1111 10.999815
285 0 1273 10.891108
288 0 763 34.3195
288 0 839 27.982265
288 0 1126 25.381687
288 0 841 25.119843
288 0 897 23.986176
288 0 1068 23.552984
288 0 1051 21.283297
288 0 936 21.058815
288 0 926 20.726013
288 0 1172 20.244045
288 0 1171 20.13164
288 0 1070 20.04789
288 0 955 19.99653
288 0 1071 19.907614
288 0 826 19.824072
288 0 846 19.132742
288 0 887 18.89227
288 0 765 18.888954
288 0 743 18.563978
288 0 1173 18.307798
291 0 725 23.619429
291 0 640 22.17761
291 0 722 20.906094
291 0 908 19.080114
291 0 1360 19.061827
291 0 220 18.185064
291 0 729 15.495476
291 0 186 14.730986
291 0 1316 14.17145
291 0 764 14.009644
291 0 251 13.762817
291 0 740 13.090885
291 0 1279 12.824094
291 0 29 12.404564
291 0 1270 11.947021
291 0 997 11.665449
291 0 909 11.661094
291 0 202 11.562844
291 0 720 11.317383
291 0 28 11.027277
292 0 767 22.331528
292 0 870 14.635942
292 0 640 13.783129
292 0 1362 13.297756
292 0 881 13.089401
292 0 833 12.144358
292 0 246 12.123068
292 0 865 12.075024
292 0 883 11.933238
292 0 907 11.663756
292 0 1332 11.646136
292 0 909 11.6050415
292 0 726 11.556182
292 0 314 11.393063
292 0 906 10.666177
292 0 399 10.214894
292 0 732 10.059553
292 0 868 10.005907
292 0 837 9.867819
292 0 498 9.801008
293 0 390 30.640202
293 0 15 22.884745
293 0 856 22.245176
293 0 1339 22.213482
293 0 627 21.250706
293 0 1069 20.587547
293 0 52 20.239943
293 0 895 18.830349
293 0 1008 17.52954
293 0 391 17.395977
293 0 948 17.359394
293 0 728 17.199377
293 0 1111 16.052776
293 0 1322 15.983927
293 0 14 15.765791
293 0 769 15.3878
293 0 760 15.132322
293 0 122 14.966609
293 0 820 14.873908
293 0 723 14.6201515
294 0 766 19.657108
294 0 894 16.447311
294 0 15 15.682277
294 0 1392 15.575131
294 0 658 14.966642
294 0 1242 14.69592
294 0 827 13.916711
294 0 948 13.790082
294 0 858 13.64889
294 0 75 13.362964
294 0 857 13.257263
294 0 627 13.257171
294 0 720 13.137637
294 0 319 13.074547
294 0 391 12.561451
294 0 856 12.468185
294 0 859 12.274124
294 0 1008 11.845743
294 0 1339 11.442181
294 0 73 11.246928
295 0 641 17.571115
295 0 875 14.304378
295 0 735 13.525236
295 0 647 12.400263
295 0 734 9.996113
295 0 648 9.175575
295 0 1398 8.540099
295 0 46 8.249852
295 0 733 7.339802
295 0 388 7.1427407
295 0 745 6.7315826
295 0 642 6.1213427
295 0 386 6.1198
295 0 215 6.0818095
295 0 819 5.8549337
295 0 950 5.8549337
295 0 1202 5.739215
295 0 739 5.732403
295 0 1135 5.644376
295 0 743 5.577515
296 0 733 18.434938
296 0 730 15.831155
296 0 641 15.551363
296 0 735 13.537223
296 0 734 13.202623
296 0 422 13.144522
296 0 1392 11.626543
296 0 736 11.052237
296 0 454 10.242658
296 0 703 10.146501
296 0 145 9.8251
296 0 1088 9.806672
296 0 648 9.794718
296 0 551 9.685474
296 0 644 9.268518
296 0 424 8.376832
296 0 1396 8.224009
296 0 647 8.193005
296 0 826 7.950512
296 0 1060 7.877564
297 0 642 40.46427
297 0 744 33.370686
297 0 932 30.58404
297 0 957 26.275639
297 0 760 24.410856
297 0 1178 24.340553
297 0 740 24.1833
297 0 1123 24.037176
297 0 1126 23.868042
297 0 741 23.463219
297 0 1172 23.239033
297 0 739 23.011875
297 0 1051 22.661171
297 0 1117 22.514582
297 0 1173 22.048183
297 0 888 21.638577
297 0 1359 20.45872
297 0 839 20.383373
297 0 1122 20.379381
297 0 1131 20.275267
298 0 642 31.882904
298 0 744 28.550358
298 0 932 26.210419
298 0 1055 25.93776
298 0 1122 25.872393
298 0 739 25.301533
298 0 1067 23.36772
298 0 457 22.905052
298 0 1359 22.78293
298 0 1054 21.047935
298 0 1173 21.032084
298 0 831 21.003475
298 0 1126 20.173075
298 0 1293 19.906195
298 0 839 19.856888
298 0 1116 19.80755
298 0 863 19.526833
298 0 1172 19.398987
298 0 627 19.34187
298 0 1309 19.196316
299 0 184 18.37431
299 0 1361 15.595513
299 0 1008 14.869956
299 0 486 14.34139
299 0 875 13.189083
299 0 966 12.818218
299 0 746 12.722127
299 0 390 12.069562
299 0 1346 11.499101
299 0 442 11.386851
299 0 1311 11.213928
299 0 349 10.950869
299 0 57 10.532856
299 0 1274 10.342308
299 0 1319 10.342308
299 0 51 10.03546
299 0 13 10.020381
299 0 711 9.935047
299 0 14 9.88934
299 0 342 9.884112
300 0 723 21.277845
300 0 881 18.716568
300 0 884 18.374472
300 0 726 15.906605
300 0 768 14.490374
300 0 261 12.071606
300 0 909 11.993885
300 0 746 11.696503
300 0 724 11.511244
300 0 1312 9.896696
300 0 865 9.605706
300 0 767 9.521374
300 0 1168 9.351418
300 0 640 9.073779
300 0 883 9.056547
300 0 6 8.848099
300 0 720 8.496601
300 0 234 8.253422
300 0 924 7.9287763
300 0 454 7.8043985
301 0 889 18.310385
301 0 1126 16.307737
301 0 1174 15.61473
301 0 1051 15.322776
301 0 743 15.245415
301 0 897 15.129324
301 0 843 14.61974
301 0 1068 14.618932
301 0 760 13.377081
301 0 826 13.332659
301 0 887 13.276312
301 0 741 13.072246
301 0 769 13.046063
301 0 851 12.814653
301 0 551 12.729529
301 0 1027 12.6309185
301 0 798 12.549009
301 0 1052 12.352333
301 0 739 12.343941
301 0 885 12.253857
303 0 739 20.243107
303 0 1059 17.175407
303 0 1294 16.85962
303 0 930 16.31549
303 0 931 16.160038
303 0 428 14.567383
303 0 852 14.4088955
303 0 1051 13.929451
303 0 451 13.798278
303 0 1058 13.700023
303 0 828 13.3680935
303 0 514 13.249817
303 0 928 12.936825
303 0 769 12.7283
303 0 926 12.499052
303 0 827 12.141667
303 0 744 11.9539795
303 0 1055 11.882702
303 0 232 11.7395
303 0 130 11.718979
304 0 1071 24.066475
304 0 1053 22.50975
304 0 1134 20.541756
304 0 851 16.480515
304 0 1117 16.362202
304 0 1362 15.081997
304 0 730 14.76285
304 0 1137 14.542666
304 0 1032 14.372607
304 0 760 14.360939
304 0 128 14.327521
304 0 934 13.939714
304 0 461 13.792915
304 0 370 13.609268
304 0 885 13.485485
304 0 1029 13.1207905
304 0 1386 13.014547
304 0 1070 12.814388
304 0 889 12.620288
304 0 935 12.53249
306 0 625 27.01928
306 0 1297 18.352436
306 0 401 18.2372
306 0 1296 17.41454
306 0 1217 15.903038
306 0 1379 14.55286
306 0 509 14.365871
306 0 1219 14.035347
306 0 1391 14.013833
306 0 410 13.865453
306 0 318 13.645891
306 0 82 13.634029
306 0 353 13.179773
306 0 274 12.894868
306 0 541 12.473438
306 0 554 12.249485
306 0 24 12.245108
306 0 77 12.062365
306 0 1394 12.011985
306 0 1279 11.844078
314 0 1285 26.260609
314 0 1310 24.225517
314 0 232 14.598234
314 0 687 13.993478
314 0 979 12.999725
314 0 234 12.815156
314 0 925 12.607828
314 0 927 12.603359
314 0 1378 12.301249
314 0 497 12.20275
314 0 1305 11.961308
314 0 294 11.690102
314 0 371 11.677063
314 0 411 11.324087
314 0 56 11.303176
314 0 214 11.150832
314 0 260 11.023744
314 0 122 10.986437
314 0 27 10.94705
314 0 981 10.941794
315 0 1285 14.2200575
315 0 122 12.9656
315 0 1310 11.918403
315 0 927 11.584285
315 0 58 11.13132
315 0 1306 10.810609
315 0 1386 10.792573
315 0 459 10.585951
315 0 370 10.449927
315 0 359 10.449204
315 0 580 10.430519
315 0 1206 10.246046
315 0 147 10.189729
315 0 814 10.113818
315 0 676 10.078522
315 0 482 10.033991
315 0 225 9.831155
315 0 1333 9.727897
315 0 940 9.571886
315 0 411 9.557764
316 0 147 14.951602
316 0 573 9.933599
316 0 371 8.645668
316 0 937 8.483708
316 0 1236 8.002393
316 0 112 7.8843775
316 0 1229 7.6641126
316 0 1080 7.629242
316 0 57 7.6006565
316 0 1311 7.554785
316 0 786 7.5280657
316 0 971 7.3078213
316 0 363 7.2667603
316 0 679 7.233328
316 0 802 7.2018137
316 0 496 7.0560136
316 0 443 6.9780545
316 0 465 6.9757233
316 0 287 6.9622827
316 0 1214 6.935932
317 0 1323 18.135456
317 0 131 16.979866
317 0 912 12.950813
317 0 72 12.941203
317 0 1017 12.886271
317 0 135 12.875102
317 0 1287 12.617712
317 0 933 12.499315
317 0 334 11.88923
317 0 1182 11.700841
317 0 352 11.644923
317 0 1185 11.550774
317 0 1192 11.274849
317 0 1069 11.267154
317 0 40 11.11971
317 0 133 10.982321
317 0 1199 10.84466
317 0 1301 10.800965
317 0 134 10.784046
317 0 1321 10.7007265
321 0 1290 49.320587
321 0 1338 23.839554
321 0 315 19.106958
321 0 1341 18.979544
321 0 440 17.942846
321 0 876 17.894417
321 0 252 17.235977
321 0 312 17.231825
321 0 467 17.192686
321 0 638 16.786375
321 0 371 16.651878
321 0 38 16.629652
321 0 121 16.347393
321 0 879 16.347319
321 0 496 16.066612
321 0 567 15.903444
321 0 780 14.7887745
321 0 468 14.742601
321 0 809 14.736229
321 0 431 14.705076
323 0 859 18.280539
323 0 1290 15.649404
323 0 78 14.878776
323 0 948 14.441612
323 0 747 14.190085
323 0 39 12.681054
323 0 391 12.523934
323 0 1341 12.521202
323 0 766 12.110885
323 0 593 12.033471
323 0 749 11.990783
323 0 442 11.726789
323 0 921 11.484779
323 0 679 11.405028
323 0 819 11.288641
323 0 1338 11.273777
323 0 858 11.268039
323 0 1008 11.164898
323 0 380 10.728426
323 0 434 10.710043
327 0 1291 53.229973
327 0 163 34.136284
327 0 1344 28.41772
327 0 1345 24.102005
327 0 1348 22.2426
327 0 1217 21.922596
327 0 566 19.898901
327 0 164 18.728043
327 0 1346 18.570257
327 0 624 17.574959
327 0 1219 17.394182
327 0 982 16.155853
327 0 275 15.69519
327 0 1347 15.122408
327 0 357 14.771273
327 0 1226 14.525042
327 0 1323 13.563961
327 0 1300 13.410599
327 0 274 13.279994
327 0 1173 13.017029
331 0 959 19.416315
331 0 187 18.991032
331 0 455 17.319712
331 0 651 17.191317
331 0 798 15.370588
331 0 45 15.302489
331 0 89 15.102737
331 0 996 14.460408
331 0 487 14.449667
331 0 1364 14.32319
331 0 358 13.62611
331 0 135 13.270272
331 0 974 13.095312
331 0 527 13.013818
331 0 458 12.937375
331 0 240 12.409256
331 0 1278 12.220922
331 0 38 12.201644
331 0 53 11.978402
331 0 256 11.905695
332 0 1172 37.438713
332 0 1145 28.925226
332 0 1171 24.51959
332 0 1068 23.151188
332 0 1125 22.960194
332 0 739 22.667517
332 0 887 22.644854
332 0 1126 21.707634
332 0 743 21.294262
332 0 957 19.693333
332 0 938 19.484257
332 0 897 19.475275
332 0 1173 19.428497
332 0 1132 19.35147
332 0 885 18.965107
332 0 1031 18.821548
332 0 1071 18.77445
332 0 1133 18.460724
332 0 1037 18.314047
332 0 1118 18.264914
333 0 739 26.268103
333 0 1068 21.455133
333 0 885 18.433727
333 0 1117 17.510788
333 0 1070 17.349947
333 0 897 16.939442
333 0 1171 16.916502
333 0 953 16.677116
333 0 1051 16.648336
333 0 1067 16.619207
333 0 1145 16.441486
333 0 831 16.313444
333 0 741 16.17338
333 0 887 16.1434
333 0 1071 15.64979
333 0 1126 15.49547
333 0 763 15.46489
333 0 744 15.334112
333 0 1173 15.013319
333 0 1055 14.989593
335 0 1177 34.028313
335 0 1178 33.243683
335 0 888 28.879202
335 0 838 28.264042
335 0 1176 23.560728
335 0 885 19.88987
335 0 1070 18.341908
335 0 1132 18.277485
335 0 1146 18.276432
335 0 1133 17.749397
335 0 1116 17.714668
335 0 769 16.946053
335 0 1121 16.808268
335 0 1130 16.662897
335 0 1293 16.564837
335 0 1173 16.540455
335 0 1031 16.431284
335 0 1359 15.979801
335 0 890 15.591076
335 0 1051 15.012437
336 0 888 21.66737
336 0 741 20.622305
336 0 885 20.251865
336 0 1173 20.070042
336 0 769 19.610752
336 0 887 19.222923
336 0 642 16.62464
336 0 1038 15.161985
336 0 1178 14.140557
336 0 1117 14.060022
336 0 890 13.929835
336 0 1146 13.6290455
336 0 1068 13.561123
336 0 1145 13.372616
336 0 1123 13.363029
336 0 891 13.229377
336 0 23 12.806642
336 0 744 12.678036
336 0 765 12.674201
336 0 105 12.651185
338 0 1294 31.999933
338 0 828 19.154055
338 0 1362 19.056705
338 0 739 16.64723
338 0 930 15.44603
338 0 1044 14.871666
338 0 848 14.174522
338 0 916 13.94513
338 0 1154 13.43202
338 0 92 13.3300295
338 0 47 12.989836
338 0 777 12.390928
338 0 1042 11.822992
338 0 1059 11.602317
338 0 831 11.563608
338 0 1043 11.385543
338 0 351 11.345005
338 0 231 11.308222
338 0 1058 11.266815
338 0 596 10.786541
339 0 535 25.059921
339 0 1253 18.395506
339 0 25 16.857182
339 0 666 16.473392
339 0 1205 16.442936
339 0 1198 16.318966
339 0 625 15.489733
339 0 273 14.689767
339 0 317 14.061551
339 0 1391 13.996674
339 0 1238 13.814166
339 0 574 13.263631
339 0 160 13.188497
339 0 295 13.057248
339 0 401 13.005982
339 0 357 12.872504
339 0 985 12.8675165
339 0 329 12.824058
339 0 1204 12.759293
339 0 1234 12.730607
340 0 893 16.570206
340 0 1319 16.552294
340 0 1274 16.260736
340 0 175 16.154972
340 0 39 15.580168
340 0 974 14.372506
340 0 612 14.116211
340 0 506 13.714791
340 0 828 13.610207
340 0 800 13.400129
340 0 117 13.160934
340 0 370 12.934341
340 0 1068 12.732825
340 0 693 12.699153
340 0 1200 12.542462
340 0 1151 12.525968
340 0 1006 12.505021
340 0 692 12.504883
340 0 695 12.163827
340 0 1364 12.111347
347 0 323 16.617914
347 0 666 16.584454
347 0 44 16.149206
347 0 1393 16.115301
347 0 983 15.55991
347 0 1161 15.242923
347 0 1151 14.627883
347 0 1394 14.58827
347 0 1002 14.482415
347 0 369 14.441239
347 0 1395 14.222994
347 0 1318 13.93477
347 0 324 13.25693
347 0 123 13.212236
347 0 946 13.052673
347 0 36 12.98521
347 0 2 12.903125
347 0 1204 12.84193
347 0 438 12.534417
347 0 329 12.449459
348 0 36 14.482032
348 0 1393 12.548964
348 0 323 12.105399
348 0 1395 12.088022
348 0 1394 12.049529
348 0 666 11.488579
348 0 983 11.451045
348 0 670 11.423553
348 0 295 11.146154
348 0 1161 11.000457
348 0 101 10.699527
348 0 44 10.69651
348 0 35 10.456095
348 0 438 10.245302
348 0 559 10.202164
348 0 294 9.865003
348 0 154 9.864147
348 0 1281 9.773888
348 0 369 9.755112
348 0 553 9.753522
349 0 1222 12.665437
349 0 992 12.562764
349 0 993 12.364219
349 0 208 12.159302
349 0 236 12.055525
349 0 1221 11.763136
349 0 319 11.31894
349 0 1082 11.029444
349 0 197 10.399022
349 0 342 10.104667
349 0 657 10.086526
349 0 117 10.030473
349 0 456 9.97048
349 0 828 9.932362
349 0 809 9.909995
349 0 184 9.650028
349 0 315 9.541363
349 0 53 9.47715
349 0 299 9.358066
349 0 174 9.281659
352 0 1375 19.668293
352 0 292 19.066793
352 0 458 18.416124
352 0 231 17.485355
352 0 1192 17.345282
352 0 461 17.075615
352 0 527 16.016575
352 0 837 15.28722
352 0 540 14.698942
352 0 977 14.586724
352 0 1182 14.327329
352 0 472 14.256024
352 0 261 14.119793
352 0 1242 14.020109
352 0 1302 13.874251
352 0 1365 13.842035
352 0 375 13.787466
352 0 629 13.773498
352 0 899 13.756037
352 0 1281 13.655553
353 0 388 16.699585
353 0 1366 16.492344
353 0 1386 15.331249
353 0 458 14.141846
353 0 662 12.588245
353 0 653 12.397848
353 0 637 12.061433
353 0 528 11.89207
353 0 73 11.791278
353 0 1182 11.727452
353 0 540 11.484203
353 0 49 11.118364
353 0 292 11.057182
353 0 404 10.8451605
353 0 54 10.81989
353 0 3 10.633675
353 0 1375 10.610219
353 0 133 10.587643
353 0 46 10.515598
353 0 194 10.365848
355 0 1130 20.015879
355 0 419 19.500288
355 0 1399 17.352938
355 0 1400 14.053995
355 0 400 13.93536
355 0 1121 13.304552
355 0 1050 12.797537
355 0 820 12.716308
355 0 1048 12.266344
355 0 826 11.70761
355 0 1070 11.599715
355 0 1396 11.552823
355 0 1178 11.4611435
355 0 888 10.985662
355 0 863 10.97828
355 0 1177 10.893473
355 0 1176 10.697634
355 0 1359 10.554583
355 0 1120 10.234118
355 0 1173 10.112373
356 0 400 23.704592
356 0 1399 21.998436
356 0 1400 18.775757
356 0 1387 18.329037
356 0 419 17.827332
356 0 388 16.947721
356 0 1050 16.332085
356 0 1121 16.26635
356 0 1048 16.075943
356 0 1358 15.996246
356 0 1008 15.791447
356 0 1357 15.761355
356 0 1398 15.7283745
356 0 826 15.577372
356 0 1037 15.33051
356 0 412 15.27769
356 0 1119 15.14778
356 0 1396 14.787135
356 0 929 13.99292
356 0 1130 13.361612
360 0 1312 25.013725
360 0 1286 21.882927
360 0 317 19.95299
360 0 401 19.124212
360 0 259 18.786871
360 0 236 17.142563
360 0 1296 17.088825
360 0 1316 15.102396
360 0 656 14.50954
360 0 1157 13.97831
360 0 576 13.884416
360 0 140 13.708161
360 0 575 13.595358
360 0 329 13.353948
360 0 1313 13.249695
360 0 405 12.682929
360 0 85 12.653686
360 0 167 12.653679
360 0 1314 12.6374035
360 0 1318 12.615858
365 0 1188 30.969307
365 0 1380 20.47178
365 0 70 16.97558
365 0 225 16.804808
365 0 1345 15.65559
365 0 1334 14.448304
365 0 1291 14.407372
365 0 416 14.353863
365 0 431 14.260666
365 0 1332 14.212565
365 0 1124 14.193631
365 0 792 14.065069
365 0 748 13.606851
365 0 797 13.566628
365 0 1218 13.564688
365 0 226 13.240119
365 0 638 13.098574
365 0 503 13.071172
365 0 975 12.859052
365 0 893 12.797112
